Station:,"52.6489,-120.1954",,,,Station ID:,98,,Begin Yr:,1949,,,,,,,,,,,,,,,,,,,,,,,,,,,,,,,,,,,,,,,,,,,,,,,,,,,,,,,,,,,,,,,,,,,,,,,,,,,,,,,
Lat:,52.64889908,Lon:,-120.1953964,,Country:,Canada,,End Yr:,2011,,,,,,,,,,,,,,,,,,,,,,,,,,,,,,,,,,,,,,,,,,,,,,,,,,,,,,,,,,,,,,,,,,,,,,,,,,,,,,,
Trend (/yr):,,,,,,,,,,,,,,,,,,,,,,,,,,,,,,,,,,,,,,,,,,,,,,,,,,,,,,,,,,,,,,,,,,,,,,,,,,,,,,,,,,,,,,,,
Significance:,,,,,,,,,,,,,,,,,,,,,,,,,,,,,,,,,,,,,,,,,,,,,,,,,,,,,,,,,,,,,,,,,,,,,,,,,,,,,,,,,,,,,,,,
Year,01TMEAN,01TMEAN Trendline,02TWinter,02TWinter Trendline,03TSpring,03TSpring Trendline,04TSummer,04TSummer Trendline,05TFall,05TFall Trendline,06TRange,06TRange Trendline,21FrostDays,21FrostDays Trendline,22FrostLast,22FrostLast Trendline,23FrostFirst,23FrostFirst Trendline,24IceDays,24IceDays Trendline,25Tmin10,25Tmin10 Trendline,26Tmin20,26Tmin20 Trendline,27ColdNights,27ColdNights Trendline,28ColdDays,28ColdDays Trendline,29ColdSpell,29ColdSpell Trendline,30HeatingDD,30HeatingDD Trendline,40Tmax90,40Tmax90 Trendline,41SummerDays,41SummerDays Trendline,42Tmax30,42Tmax30 Trendline,43HWDI,43HWDI Trendline,44TropNight,44TropNight Trendline,45Tmin90,45Tmin90 Trendline,46FrostFree,46FrostFree Trendline,47CoolingDD,47CoolingDD Trendline,61GSL,61GSL Trendline,62GSLBegin,62GSLBegin Trendline,63GSLEnd,63GSLEnd Trendline,64GDD0,64GDD0 Trendline,65GDD5,65GDD5 Trendline,66GDD10,66GDD10 Trendline,81PAnnual,81PAnnual Trendline,82PWinter,82PWinter Trendline,83PSpring,83PSpring Trendline,84PSummer,84PSummer Trendline,85PFall,85PFall Trendline,86Pge2,86Pge2 Trendline,87Pge10,87Pge10 Trendline,88Pge20,88Pge20 Trendline,89P3days,89P3days Trendline,90P5days,90P5days Trendline,91SDPI,91SDPI Trendline,92Pge95,92Pge95 Trendline,93DryPeriod,93DryPeriod Trendline,94PDays1,94PDays1 Trendline
1949,,,,,,,,,,,,,,,,,,,,,,,,,,,,,,,,,,,,,,,,,,,,,,,,,,,,,,,,,,,,,,,,,,,,,,,,,,,,,,,,,,,,,,,,
1950,3.01,3.66,-12.18,-7.49,7.65,7.59,15.42,14.04,-0.90,0.19,78.11,68.82,210.00,193.33,144.00,144.00,250.00,259.00,68.00,69.97,64.00,58.51,37.00,18.53,19.73,11.65,15.07,10.90,12.00,10.67,5503.90,5259.94,15.34,8.98,54.00,32.00,16.00,7.00,40.00,11.04,0.00,0.00,5.21,6.05,105.00,116.14,0.09,0.09,154.00,172.16,118.00,117.50,271.00,286.00,2103.89,2124.34,1334.62,1268.07,645.83,521.83,557.76,657.84,118.95,166.69,83.36,116.79,123.93,174.97,193.85,176.44,105.00,116.47,5.00,8.59,2.00,0.00,42.89,34.82,45.46,43.23,4.88,4.44,13.32,14.32,22.00,16.57,114.00,150.77
1951,3.17,3.69,-8.71,-7.43,8.35,7.61,14.85,14.04,-0.74,0.20,73.06,68.75,201.00,193.18,151.00,144.00,268.00,259.00,89.00,69.71,82.00,58.20,33.00,18.38,20.82,11.60,12.60,10.84,0.00,10.83,5430.03,5251.49,12.33,9.06,49.00,32.00,5.00,7.00,0.00,11.26,0.00,0.00,5.21,6.19,116.00,116.08,0.94,0.09,174.00,172.48,114.00,117.25,287.00,286.11,2213.31,2126.62,1356.76,1268.99,585.09,522.44,520.59,658.54,142.30,166.26,67.79,117.31,112.85,175.24,230.85,177.02,97.00,116.45,2.00,8.61,0.00,0.00,30.98,34.78,30.98,43.21,4.69,4.43,2.90,14.35,19.00,16.52,111.00,151.07
1952,5.04,3.71,-7.63,-7.37,7.68,7.62,14.68,14.05,3.25,0.20,63.93,68.69,181.00,193.03,159.00,144.00,242.00,259.00,54.00,69.45,45.00,57.89,15.00,18.23,11.51,11.56,6.85,10.77,16.00,11.00,4757.03,5243.05,17.53,9.14,36.00,32.00,14.00,7.00,37.00,11.48,0.00,0.00,6.85,6.32,82.00,116.03,0.33,0.09,203.00,172.81,101.00,117.00,303.00,286.22,2398.15,2128.89,1395.54,1269.90,563.65,523.05,511.08,659.23,113.53,165.82,131.29,117.84,169.23,175.51,97.58,177.59,97.00,116.42,8.00,8.63,0.00,0.00,36.07,34.73,42.26,43.20,4.82,4.42,16.06,14.37,19.00,16.48,106.00,151.38
1953,5.42,3.73,-4.10,-7.31,7.84,7.63,14.32,14.05,3.04,0.21,67.43,68.62,171.00,192.89,132.00,144.00,260.00,259.00,32.00,69.18,31.00,57.59,9.00,18.08,7.67,11.51,3.29,10.71,15.00,11.17,4600.69,5234.60,13.70,9.22,26.00,32.00,4.00,7.00,22.00,11.70,0.00,0.00,10.14,6.46,127.00,115.97,0.00,0.09,175.00,173.13,120.00,116.75,294.00,286.33,2186.21,2131.17,1312.55,1270.82,534.07,523.66,689.79,659.92,183.20,165.39,107.32,118.37,213.64,175.79,156.20,178.16,138.00,116.39,8.00,8.65,0.00,0.00,32.96,34.68,46.39,43.19,4.53,4.41,10.25,14.40,15.00,16.43,152.00,151.69
1954,3.70,3.76,-6.81,-7.25,5.06,7.65,13.45,14.06,2.93,0.22,65.97,68.56,190.00,192.74,143.00,144.00,271.00,259.00,53.00,68.92,62.00,57.28,18.00,17.94,17.81,11.46,14.25,10.65,22.00,11.33,5219.93,5226.16,12.88,9.30,14.00,32.00,0.00,7.00,28.00,11.92,0.00,0.00,7.67,6.59,127.00,115.92,0.00,0.09,151.00,173.45,122.00,116.50,272.00,286.44,1836.71,2133.44,1082.83,1271.74,378.81,524.27,672.06,660.61,167.31,164.96,169.95,118.89,192.83,176.06,145.86,178.74,125.00,116.37,7.00,8.67,0.00,0.00,29.45,34.64,30.18,43.18,4.60,4.40,13.70,14.42,17.00,16.39,146.00,152.00
1955,2.01,3.78,-7.55,-7.19,5.58,7.66,13.91,14.06,-3.87,0.23,72.52,68.49,213.00,192.59,159.00,144.00,225.00,259.00,102.00,68.66,94.00,56.97,39.00,17.79,24.66,11.41,20.27,10.58,7.00,11.50,5856.78,5217.71,10.14,9.38,34.00,32.00,11.00,7.00,16.00,12.14,0.00,0.00,3.84,6.72,65.00,115.87,0.83,0.09,180.00,173.77,120.00,116.25,299.00,286.56,2000.88,2135.72,1117.89,1272.65,446.92,524.88,652.73,661.31,154.66,164.53,121.58,119.42,176.60,176.33,212.13,179.31,126.00,116.34,7.00,8.69,1.00,0.00,43.36,34.59,43.36,43.17,4.59,4.39,13.04,14.45,15.00,16.35,142.00,152.31
1956,3.83,3.80,-9.28,-7.12,8.15,7.68,15.04,14.07,-0.79,0.23,75.18,68.43,208.00,192.44,133.00,144.00,247.00,259.00,75.00,68.39,69.00,56.67,22.00,17.64,16.44,11.36,11.78,10.52,8.00,11.67,5207.97,5209.26,15.34,9.46,46.00,32.00,12.00,7.00,22.00,12.36,0.00,0.00,7.40,6.86,113.00,115.81,2.28,0.09,190.00,174.10,102.00,116.00,291.00,286.67,2309.83,2138.00,1372.52,1273.57,623.26,525.49,611.28,662.00,145.17,164.10,99.07,119.94,124.87,176.60,249.85,179.88,108.00,116.32,9.00,8.71,0.00,0.00,32.10,34.55,47.01,43.16,4.49,4.38,17.12,14.47,21.00,16.30,135.00,152.62
1957,3.41,3.83,-10.12,-7.06,9.12,7.69,12.86,14.07,1.49,0.24,71.09,68.36,191.00,192.30,151.00,144.00,240.00,259.00,59.00,68.13,68.00,56.36,34.00,17.49,17.81,11.31,9.32,10.45,0.00,11.83,5324.87,5200.82,7.12,9.54,17.00,32.00,0.00,7.00,7.00,12.58,0.00,0.00,7.12,6.99,88.00,115.76,0.00,0.09,161.00,174.42,116.00,115.75,276.00,286.78,2056.53,2140.27,1255.81,1274.48,482.25,526.10,695.38,662.69,135.21,163.67,129.85,120.47,247.89,176.87,175.19,180.45,138.00,116.29,8.00,8.73,0.00,0.00,31.63,34.50,39.78,43.15,4.17,4.37,7.72,14.50,18.00,16.26,165.00,152.93
1958,5.82,3.85,-2.39,-7.00,9.65,7.70,15.51,14.07,-0.38,0.25,62.39,68.30,192.00,192.15,138.00,144.00,246.00,259.00,44.00,67.86,35.00,56.05,7.00,17.35,10.41,11.27,5.75,10.39,15.00,12.00,4471.37,5192.37,21.37,9.62,73.00,32.00,13.00,7.00,73.00,12.80,0.00,0.00,11.78,7.12,107.00,115.70,0.11,0.09,181.00,174.74,99.00,115.50,279.00,286.89,2363.81,2142.55,1483.21,1275.40,734.87,526.72,567.43,663.38,144.84,163.24,67.58,121.00,156.62,177.14,181.60,181.03,106.00,116.26,6.00,8.75,1.00,0.00,37.98,34.45,43.13,43.14,4.02,4.36,10.77,14.53,17.00,16.22,139.00,153.23
1959,3.68,3.87,-5.29,-6.94,7.21,7.72,13.03,14.08,-0.33,0.26,66.51,68.23,199.00,192.00,148.00,144.00,271.00,259.00,64.00,67.60,57.00,55.75,19.00,17.20,15.34,11.22,14.25,10.32,6.00,12.17,5235.32,5183.93,8.22,9.70,21.00,32.00,4.00,7.00,7.00,13.02,0.00,0.00,4.66,7.26,122.00,115.65,0.00,0.09,153.00,175.06,125.00,115.25,277.00,287.00,1809.77,2144.82,1046.60,1276.32,371.27,527.33,759.58,664.08,184.93,162.81,137.16,121.52,259.85,177.41,201.86,181.60,127.00,116.24,14.00,8.77,0.00,0.00,33.23,34.41,45.44,43.13,4.24,4.35,16.83,14.55,12.00,16.17,177.00,153.54
1960,3.92,3.90,-7.10,-6.88,6.96,7.73,14.15,14.08,0.64,0.26,64.71,68.17,194.00,191.85,155.00,144.00,251.00,259.00,72.00,67.34,61.00,55.44,14.00,17.05,9.86,11.17,9.59,10.26,6.00,12.33,5167.03,5175.48,10.41,9.78,34.00,32.00,14.00,7.00,15.00,13.24,0.00,0.00,6.03,7.39,95.00,115.60,0.00,0.09,184.00,175.39,117.00,115.00,300.00,287.11,2045.48,2147.10,1131.13,1277.23,433.24,527.94,643.60,664.77,101.48,162.37,194.95,122.05,191.65,177.69,158.02,182.17,108.00,116.21,9.00,8.79,0.00,0.00,42.62,34.36,47.42,43.12,4.16,4.34,17.97,14.58,15.00,16.13,153.00,153.85
1961,4.75,3.92,-2.72,-6.81,9.12,7.74,14.83,14.09,-2.66,0.27,61.25,68.10,194.00,191.70,137.00,144.00,254.00,259.00,68.00,67.07,55.00,55.13,5.00,16.90,11.51,11.12,9.32,10.20,25.00,12.50,4879.91,5167.03,17.81,9.86,60.00,32.00,20.00,7.00,34.00,13.46,0.00,0.00,9.59,7.52,116.00,115.54,1.65,0.09,160.00,175.71,119.00,114.75,278.00,287.22,2138.66,2149.37,1355.01,1278.15,663.50,528.55,679.15,665.46,166.36,161.94,105.43,122.57,127.74,177.96,261.02,182.75,107.00,116.18,12.00,8.81,0.00,0.00,29.14,34.32,38.44,43.11,4.62,4.33,20.70,14.60,13.00,16.09,145.00,154.16
1962,4.57,3.94,-6.78,-6.75,8.04,7.76,13.49,14.09,3.12,0.28,64.06,68.04,169.00,191.56,136.00,144.00,277.00,259.00,53.00,66.81,48.00,54.83,15.00,16.76,9.04,11.07,8.49,10.13,26.00,12.67,4902.20,5158.59,7.95,9.94,21.00,32.00,0.00,7.00,14.00,13.68,0.00,0.00,7.12,7.66,140.00,115.49,0.00,0.09,208.00,176.03,102.00,114.50,309.00,287.33,2231.44,2151.65,1204.89,1279.06,426.67,529.16,743.33,666.15,217.28,161.51,122.19,123.10,214.26,178.23,166.88,183.32,110.00,116.16,13.00,8.84,1.00,0.00,43.59,34.27,54.17,43.10,4.49,4.32,19.48,14.63,16.00,16.04,163.00,154.47
1963,5.01,3.97,-5.16,-6.69,8.12,7.77,14.73,14.10,1.13,0.29,66.01,67.97,175.00,191.41,137.00,144.00,292.00,259.00,57.00,66.55,42.00,54.52,17.00,16.61,3.84,11.02,5.21,10.07,15.00,12.83,4755.64,5150.14,9.86,10.02,30.00,32.00,1.00,7.00,17.00,13.90,0.00,0.00,14.52,7.79,154.00,115.43,0.09,0.09,187.00,176.35,112.00,114.25,298.00,287.44,2322.58,2153.92,1393.59,1279.98,596.37,529.77,642.98,666.84,172.27,161.08,136.88,123.62,213.79,178.50,146.04,183.89,117.00,116.13,7.00,8.86,0.00,0.00,25.87,34.22,30.08,43.09,3.89,4.31,8.02,14.65,14.00,16.00,160.00,154.78
1964,3.47,3.99,-3.05,-6.63,6.53,7.79,12.93,14.10,-1.38,0.29,69.71,67.91,205.00,191.26,146.00,144.00,249.00,259.00,78.00,66.28,43.00,54.21,12.00,16.46,9.86,10.98,12.05,10.00,17.00,13.00,5310.99,5141.70,3.01,10.10,12.00,32.00,1.00,7.00,0.00,14.12,0.00,0.00,4.11,7.93,102.00,115.38,1.14,0.09,177.00,176.68,119.00,114.00,295.00,287.56,1957.75,2156.20,1080.54,1280.90,394.47,530.38,731.00,667.54,183.32,160.65,145.16,124.15,234.16,178.77,179.61,184.46,114.00,116.11,11.00,8.88,0.00,0.00,30.22,34.18,38.23,43.08,4.17,4.30,12.68,14.68,12.00,15.96,170.00,155.09
1965,3.87,4.01,-7.81,-6.57,6.51,7.80,14.41,14.10,1.53,0.30,66.06,67.84,198.00,191.11,173.00,144.00,249.00,259.00,92.00,66.02,63.00,53.91,11.00,16.31,9.59,10.93,11.51,9.94,20.00,13.17,5195.96,5133.25,7.12,10.18,29.00,32.00,5.00,7.00,0.00,14.34,0.00,0.00,7.95,8.06,75.00,115.32,2.05,0.09,196.00,177.00,111.00,113.75,306.00,287.67,2221.97,2158.47,1268.74,1281.81,546.55,530.99,661.42,668.23,214.62,160.22,107.59,124.68,177.84,179.04,151.97,185.04,116.00,116.08,9.00,8.90,0.00,0.00,25.75,34.13,34.14,43.07,4.29,4.30,14.29,14.70,20.00,15.91,151.00,155.39
1966,4.21,4.04,-6.67,-6.51,7.20,7.81,13.83,14.11,0.54,0.31,57.70,67.78,193.00,190.97,148.00,144.00,282.00,259.00,79.00,65.76,44.00,53.60,11.00,16.17,7.95,10.88,8.77,9.87,27.00,13.33,5035.09,5124.80,7.40,10.26,19.00,32.00,0.00,7.00,17.00,14.56,0.00,0.00,7.95,8.19,133.00,115.27,0.00,0.09,163.00,177.32,120.00,113.50,282.00,287.78,2006.55,2160.75,1192.90,1282.73,453.17,531.60,692.37,668.92,202.24,159.79,139.10,125.20,156.51,179.31,200.25,185.61,126.00,116.05,10.00,8.92,0.00,0.00,32.98,34.09,33.04,43.06,3.86,4.29,15.36,14.73,13.00,15.87,176.00,155.70
1967,5.11,4.06,-4.10,-6.44,7.34,7.83,16.07,14.11,0.63,0.32,62.56,67.72,194.00,190.82,132.00,144.00,288.00,259.00,71.00,65.49,38.00,53.29,4.00,16.02,5.48,10.83,7.40,9.81,6.00,13.50,4747.39,5116.36,8.77,10.34,54.00,32.00,11.00,7.00,15.00,14.78,0.00,0.00,7.95,8.33,155.00,115.22,0.58,0.09,171.00,177.65,118.00,113.25,288.00,287.89,2320.77,2163.02,1467.68,1283.64,706.10,532.21,669.22,669.61,200.23,159.36,97.95,125.73,119.16,179.59,239.60,186.18,116.00,116.03,6.00,8.94,1.00,0.00,40.06,34.04,60.09,43.05,4.11,4.28,15.41,14.75,12.00,15.83,160.00,156.01
1968,4.04,4.09,-3.76,-6.38,7.01,7.84,13.63,14.12,0.61,0.32,71.88,67.65,178.00,190.67,135.00,144.00,263.00,259.00,60.00,65.23,52.00,52.99,11.00,15.87,8.22,10.78,11.23,9.75,30.00,13.67,5119.11,5107.91,9.86,10.42,21.00,32.00,3.00,7.00,14.00,15.00,0.00,0.00,12.60,8.46,127.00,115.16,0.14,0.09,156.00,177.97,126.00,113.00,281.00,288.00,1896.02,2165.30,1118.47,1284.56,427.25,532.82,742.36,670.31,186.60,158.92,126.78,126.25,222.12,179.86,205.48,186.76,133.00,116.00,9.00,8.96,1.00,0.00,31.39,33.99,36.53,43.04,4.06,4.27,11.46,14.78,14.00,15.78,177.00,156.32
1969,4.31,4.11,-11.35,-6.32,10.30,7.85,13.63,14.12,2.08,0.33,75.09,67.59,164.00,190.52,137.00,144.00,277.00,259.00,63.00,64.96,54.00,52.68,24.00,15.72,7.67,10.73,9.86,9.68,6.00,13.83,5025.81,5099.47,10.14,10.50,30.00,32.00,7.00,7.00,13.00,15.22,0.00,0.00,14.52,8.59,139.00,115.11,3.76,0.09,189.00,178.29,97.00,112.75,285.00,288.11,2319.80,2167.57,1375.35,1285.48,584.51,533.44,624.94,671.00,131.35,158.49,88.72,126.78,258.42,180.13,166.85,187.33,108.00,115.97,9.00,8.98,0.00,0.00,23.15,33.95,35.76,43.02,3.98,4.26,10.28,14.80,22.00,15.74,152.00,156.63
1970,4.39,4.13,-4.38,-6.26,8.29,7.87,14.56,14.13,-1.22,0.34,67.20,67.52,187.00,190.38,138.00,144.00,254.00,259.00,70.00,64.70,50.00,52.37,18.00,15.58,10.41,10.68,8.49,9.62,6.00,14.00,5012.52,5091.02,11.51,10.57,47.00,32.00,16.00,7.00,7.00,15.44,0.00,0.00,8.77,8.73,115.00,115.05,1.86,0.09,173.00,178.61,106.00,112.50,278.00,288.22,2172.13,2169.85,1321.03,1286.39,613.12,534.05,458.64,671.69,96.31,158.06,91.18,127.31,144.53,180.40,118.43,187.90,88.00,115.95,3.00,9.00,0.00,0.00,21.23,33.90,26.32,43.01,3.45,4.25,7.80,14.83,24.00,15.70,127.00,156.94
1971,3.87,4.16,-6.54,-6.20,8.24,7.88,14.91,14.13,-0.59,0.34,73.11,67.46,196.00,190.23,135.00,144.00,259.00,259.00,78.00,64.44,72.00,52.07,22.00,15.43,10.96,10.64,11.51,9.55,12.00,14.17,5228.99,5082.57,10.14,10.65,38.00,32.00,19.00,7.00,22.00,15.66,0.00,0.00,11.23,8.86,123.00,115.00,10.97,0.09,177.00,178.94,109.00,112.25,285.00,288.33,2261.68,2172.13,1381.00,1287.31,606.64,534.66,764.95,672.38,230.03,157.63,127.15,127.83,178.25,180.67,216.08,188.48,119.00,115.92,14.00,9.02,2.00,0.00,65.07,33.85,72.49,43.00,4.55,4.24,25.63,14.85,21.00,15.65,163.00,157.25
1972,2.75,4.18,-9.84,-6.14,7.55,7.90,13.68,14.13,-2.56,0.35,75.10,67.39,197.00,190.08,153.00,144.00,267.00,259.00,80.00,64.17,69.00,51.76,28.00,15.28,20.00,10.59,19.45,9.49,0.00,14.33,5574.43,5074.13,6.30,10.73,38.00,32.00,3.00,7.00,6.00,15.88,0.00,0.00,6.30,8.99,113.00,114.95,0.00,0.09,146.00,179.26,121.00,112.00,266.00,288.44,1876.62,2174.40,1149.77,1288.22,497.82,535.27,723.13,673.08,287.52,157.20,153.38,128.36,155.82,180.94,141.99,189.05,126.00,115.89,10.00,9.04,2.00,0.00,48.12,33.81,53.14,42.99,4.52,4.23,20.39,14.88,18.00,15.61,157.00,157.55
1973,4.12,4.20,-4.90,-6.07,7.54,7.91,13.88,14.14,-0.41,0.36,67.99,67.33,194.00,189.93,153.00,144.00,231.00,259.00,61.00,63.91,42.00,51.45,14.00,15.13,18.36,10.54,11.78,9.42,21.00,14.50,5077.00,5065.68,9.04,10.81,34.00,32.00,8.00,7.00,12.00,16.10,0.00,0.00,9.04,9.13,77.00,114.89,0.00,0.09,167.00,179.58,118.00,111.75,284.00,288.56,1968.94,2176.68,1143.68,1289.14,462.88,535.88,569.18,673.77,114.15,156.77,114.75,128.88,111.86,181.22,227.64,189.62,102.00,115.87,6.00,9.06,0.00,0.00,30.01,33.76,39.50,42.98,3.34,4.22,14.57,14.90,12.00,15.57,166.00,157.86
1974,4.48,4.23,-6.68,-6.01,7.58,7.92,14.12,14.14,2.09,0.37,68.57,67.26,178.00,189.79,151.00,144.00,254.00,259.00,57.00,63.65,45.00,51.15,15.00,14.99,10.68,10.49,7.40,9.36,12.00,14.67,4949.98,5057.24,8.77,10.89,31.00,32.00,8.00,7.00,7.00,16.32,0.00,0.00,8.22,9.26,102.00,114.84,0.55,0.09,182.00,179.90,112.00,111.50,293.00,288.67,2110.40,2178.95,1211.98,1290.06,463.82,536.49,629.59,674.46,225.11,156.34,124.02,129.41,129.30,181.49,146.57,190.19,104.00,115.84,7.00,9.08,1.00,0.00,45.81,33.72,58.50,42.97,3.79,4.21,8.56,14.93,17.00,15.52,159.00,158.17
1975,3.11,4.25,-8.76,-5.95,6.24,7.94,13.80,14.15,0.00,0.37,72.47,67.20,199.00,189.64,151.00,144.00,252.00,259.00,82.00,63.38,80.00,50.84,24.00,14.84,16.99,10.44,17.26,9.30,8.00,14.83,5470.56,5048.79,9.04,10.97,21.00,32.00,6.00,7.00,18.00,16.54,0.00,0.00,6.85,9.40,100.00,114.78,5.82,0.09,193.00,180.23,101.00,111.25,293.00,288.78,2123.30,2181.23,1180.58,1290.97,435.56,537.10,740.04,675.15,159.27,155.91,112.05,129.94,196.05,181.76,271.37,190.77,119.00,115.82,11.00,9.10,2.00,0.00,43.38,33.67,53.48,42.96,4.36,4.20,23.76,14.96,15.00,15.48,165.00,158.48
1976,4.66,4.27,-4.83,-5.89,7.35,7.95,13.86,14.15,1.94,0.38,61.80,67.13,186.00,189.49,139.00,144.00,274.00,259.00,59.00,63.12,34.00,50.53,6.00,14.69,7.67,10.39,11.23,9.23,0.00,15.00,4877.09,5040.35,6.85,11.05,11.00,32.00,0.00,7.00,6.00,16.76,0.00,0.00,10.41,9.53,134.00,114.73,0.00,0.09,172.00,180.55,116.00,111.00,287.00,288.89,2054.58,2183.50,1198.86,1291.89,437.34,537.71,743.74,675.85,188.81,155.47,146.87,130.46,233.60,182.03,179.30,191.34,127.00,115.79,11.00,9.12,1.00,0.00,37.78,33.62,52.64,42.95,4.15,4.19,23.01,14.98,14.00,15.43,175.00,158.79
1977,4.20,4.30,-3.49,-5.83,8.19,7.96,13.84,14.16,-1.17,0.39,63.70,67.07,179.00,189.34,135.00,144.00,273.00,259.00,65.00,62.86,62.00,50.23,11.00,14.54,7.12,10.35,9.04,9.17,11.00,15.17,5055.50,5031.90,9.86,11.13,33.00,32.00,7.00,7.00,0.00,16.98,0.00,0.00,7.95,9.66,137.00,114.68,0.00,0.09,212.00,180.87,93.00,110.75,304.00,289.00,2260.00,2185.78,1252.14,1292.80,480.71,538.32,677.23,676.54,110.07,155.04,135.76,130.99,235.09,182.30,210.92,191.91,123.00,115.76,9.00,9.14,0.00,0.00,27.33,33.58,36.34,42.94,3.74,4.18,15.80,15.01,14.00,15.39,178.00,159.10
1978,4.19,4.32,-6.60,-5.77,8.46,7.98,14.57,14.16,-0.22,0.40,71.92,67.00,186.00,189.20,144.00,144.00,262.00,259.00,79.00,62.59,67.00,49.92,19.00,14.39,7.40,10.30,7.40,9.10,6.00,15.33,5067.51,5023.45,9.86,11.21,37.00,32.00,9.00,7.00,0.00,17.20,0.00,0.00,8.22,9.80,117.00,114.62,0.00,0.09,190.00,181.19,105.00,110.50,294.00,289.11,2287.08,2188.05,1342.85,1293.72,556.52,538.93,672.04,677.23,70.72,154.61,124.20,131.51,280.34,182.57,176.58,192.49,108.00,115.74,14.00,9.16,2.00,0.00,42.29,33.53,47.56,42.93,4.14,4.17,24.44,15.03,17.00,15.35,158.00,159.41
1979,4.07,4.34,-9.56,-5.70,7.07,7.99,15.64,14.16,0.90,0.40,69.90,66.94,189.00,189.05,142.00,144.00,276.00,259.00,69.00,62.33,68.00,49.61,21.00,14.25,12.60,10.25,7.67,9.04,6.00,15.50,5110.93,5015.01,12.88,11.29,42.00,32.00,10.00,7.00,13.00,17.42,0.00,0.00,9.59,9.93,133.00,114.57,3.34,0.09,189.00,181.52,113.00,110.25,301.00,289.22,2333.54,2190.33,1400.04,1294.64,604.80,539.54,623.91,677.92,177.89,154.18,153.50,132.04,111.74,182.84,202.10,193.06,113.00,115.71,9.00,9.19,0.00,0.00,33.44,33.49,41.22,42.92,4.05,4.16,13.82,15.06,17.00,15.30,150.00,159.72
1980,4.57,4.37,-6.09,-5.64,9.49,8.01,12.98,14.17,1.26,0.41,63.08,66.87,167.00,188.90,124.00,144.00,251.00,259.00,62.00,62.06,49.00,49.31,20.00,14.10,7.12,10.20,8.49,8.97,7.00,15.67,4904.40,5006.56,11.78,11.37,12.00,32.00,0.00,7.00,7.00,17.64,0.00,0.00,13.70,10.06,126.00,114.51,0.00,0.09,213.00,181.84,101.00,110.00,313.00,289.33,2373.62,2192.60,1333.37,1295.55,456.41,540.16,799.50,678.61,117.30,153.75,129.61,132.56,265.44,183.12,249.84,193.63,125.00,115.68,13.00,9.21,0.00,0.00,41.65,33.44,50.47,42.91,4.49,4.16,20.79,15.08,16.00,15.26,173.00,160.02
1981,5.70,4.39,-1.66,-5.58,7.80,8.02,15.60,14.17,1.55,0.42,62.51,66.81,168.00,188.75,132.00,144.00,269.00,259.00,50.00,61.80,32.00,49.00,4.00,13.95,3.29,10.15,6.03,8.91,31.00,15.83,4529.38,4998.12,17.81,11.45,42.00,32.00,10.00,7.00,28.00,17.86,0.00,0.00,15.34,10.20,136.00,114.46,1.87,0.09,175.00,182.16,108.00,109.75,282.00,289.44,2208.60,2194.88,1342.96,1296.47,603.60,540.77,643.03,679.31,122.28,153.32,179.54,133.09,143.38,183.39,216.16,194.21,116.00,115.66,7.00,9.23,0.00,0.00,32.20,33.39,40.55,42.90,3.87,4.15,14.36,15.11,18.00,15.22,162.00,160.33
1982,3.55,4.41,-8.99,-5.52,6.98,8.03,14.33,14.18,0.64,0.43,67.96,66.74,201.00,188.61,158.00,144.00,257.00,259.00,81.00,61.54,72.00,48.69,13.00,13.80,12.60,10.10,14.25,8.85,7.00,16.00,5291.19,4989.67,7.12,11.53,30.00,32.00,7.00,7.00,0.00,18.08,0.00,0.00,12.33,10.33,98.00,114.40,0.01,0.09,176.00,182.48,126.00,109.50,301.00,289.56,2137.54,2197.15,1282.05,1297.38,545.24,541.38,813.25,680.00,291.82,152.89,95.07,133.62,299.23,183.66,138.29,194.78,130.00,115.63,11.00,9.25,3.00,0.00,54.38,33.35,64.97,42.89,4.56,4.14,22.44,15.13,15.00,15.17,175.00,160.64
1983,5.26,4.44,-1.32,-5.46,8.97,8.05,13.64,14.18,0.28,0.43,66.57,66.68,173.00,188.46,135.00,144.00,261.00,259.00,50.00,61.27,29.00,48.39,12.00,13.66,7.12,10.06,6.85,8.78,32.00,16.17,4663.17,4981.22,11.78,11.61,23.00,32.00,5.00,7.00,22.00,18.30,0.00,0.00,16.99,10.46,125.00,114.35,0.00,0.09,190.00,182.81,107.00,109.25,296.00,289.67,2195.74,2199.43,1268.35,1298.30,514.72,541.99,717.36,680.69,139.78,152.46,139.58,134.14,247.51,183.93,185.45,195.35,121.00,115.61,14.00,9.27,0.00,0.00,38.36,33.30,49.37,42.88,3.88,4.13,24.74,15.16,13.00,15.13,179.00,160.95
1984,4.03,4.46,-3.45,-5.39,7.36,8.06,13.74,14.19,-1.79,0.44,74.36,66.61,191.00,188.31,153.00,144.00,245.00,259.00,63.00,61.01,42.00,48.08,12.00,13.51,13.15,10.01,13.70,8.72,30.00,16.33,5115.20,4972.78,8.22,11.69,32.00,32.00,8.00,7.00,12.00,18.52,0.00,0.00,12.05,10.60,91.00,114.30,0.00,0.09,164.00,183.13,103.00,109.00,266.00,289.78,1884.52,2201.70,1081.52,1299.21,434.03,542.60,810.32,681.38,173.07,152.02,140.06,134.67,237.23,184.20,251.70,195.92,129.00,115.58,16.00,9.29,2.00,0.00,42.38,33.26,50.55,42.87,4.53,4.12,25.34,15.18,11.00,15.09,174.00,161.26
1985,3.29,4.49,-6.77,-5.33,7.74,8.07,14.16,14.19,-3.96,0.45,69.59,66.55,203.00,188.16,168.00,144.00,251.00,259.00,83.00,60.75,64.00,47.77,23.00,13.36,16.16,9.96,12.88,8.65,17.00,16.50,5390.22,4964.33,7.67,11.77,43.00,32.00,10.00,7.00,8.00,18.74,0.00,0.00,5.48,10.73,82.00,114.24,0.00,0.09,183.00,183.45,98.00,108.75,280.00,289.89,2109.07,2203.98,1225.56,1300.13,535.66,543.21,576.10,682.08,120.68,151.59,133.14,135.19,161.29,184.47,175.12,196.50,92.00,115.55,8.00,9.31,1.00,0.00,37.23,33.21,49.73,42.86,4.02,4.11,15.86,15.21,22.00,15.04,139.00,161.57
1986,5.19,4.51,-3.25,-5.27,8.16,8.09,13.95,14.19,0.43,0.46,59.26,66.48,180.00,188.01,163.00,144.00,254.00,259.00,57.00,60.48,39.00,47.47,7.00,13.21,11.51,9.91,9.86,8.59,41.00,16.67,4683.05,4955.89,16.16,11.85,33.00,32.00,5.00,7.00,40.00,18.96,0.00,0.00,16.44,10.87,90.00,114.19,0.00,0.09,183.00,183.77,120.00,108.50,302.00,290.00,2152.33,2206.26,1246.08,1301.05,530.41,543.82,655.29,682.77,122.21,151.16,189.24,135.72,150.93,184.74,181.27,197.07,122.00,115.53,5.00,9.33,0.00,0.00,25.33,33.16,34.09,42.85,3.79,4.10,7.67,15.23,18.00,15.00,168.00,161.88
1987,6.32,4.53,-0.89,-5.21,9.10,8.10,14.52,14.20,2.94,0.46,51.68,66.42,160.00,187.87,144.00,144.00,260.00,259.00,43.00,60.22,26.00,47.16,0.00,13.07,8.22,9.86,3.01,8.52,32.00,16.83,4282.84,4947.44,24.38,11.93,41.00,32.00,5.00,7.00,18.00,19.18,0.00,0.00,20.55,11.00,115.00,114.13,0.07,0.09,200.00,184.10,91.00,108.25,290.00,290.11,2368.01,2208.53,1397.79,1301.96,591.58,544.43,601.29,683.46,150.30,150.73,149.85,136.25,163.19,185.02,151.97,197.64,106.00,115.50,4.00,9.35,1.00,0.00,42.37,33.12,49.33,42.83,3.83,4.09,12.32,15.26,11.00,14.96,153.00,162.18
1988,5.01,4.56,-5.09,-5.15,8.50,8.12,14.06,14.20,2.22,0.47,63.35,66.35,180.00,187.72,128.00,144.00,251.00,259.00,57.00,59.95,43.00,46.85,14.00,12.92,6.30,9.81,5.48,8.46,0.00,17.00,4753.64,4938.99,14.25,12.01,33.00,32.00,7.00,7.00,18.00,19.40,0.00,0.00,11.23,11.13,122.00,114.08,0.00,0.09,207.00,184.42,100.00,108.00,306.00,290.22,2347.59,2210.81,1345.70,1302.88,535.67,545.04,703.12,684.15,152.64,150.30,165.12,136.77,180.58,185.29,186.28,198.22,121.00,115.47,10.00,9.37,0.00,0.00,25.88,33.07,37.62,42.82,4.12,4.08,16.94,15.28,13.00,14.91,165.00,162.49
1989,4.42,4.58,-8.63,-5.09,8.69,8.13,14.27,14.21,1.59,0.48,68.17,66.29,190.00,187.57,149.00,144.00,252.00,259.00,70.00,59.69,54.00,46.55,21.00,12.77,12.05,9.77,8.22,8.40,9.00,17.17,4976.14,4930.55,10.41,12.09,32.00,32.00,8.00,7.00,17.00,19.62,0.00,0.00,10.96,11.27,102.00,114.03,0.00,0.09,193.00,184.74,108.00,107.75,300.00,290.33,2312.00,2213.08,1359.02,1303.79,555.03,545.65,767.12,684.85,179.33,149.87,145.29,137.30,203.64,185.56,244.90,198.79,125.00,115.45,20.00,9.39,1.00,0.00,45.98,33.03,47.65,42.81,4.43,4.07,23.74,15.31,14.00,14.87,168.00,162.80
1990,4.61,4.60,-3.83,-5.02,8.16,8.14,15.80,14.21,-0.47,0.49,75.79,66.22,184.00,187.42,135.00,144.00,263.00,259.00,67.00,59.43,59.00,46.24,16.00,12.62,9.59,9.72,12.05,8.33,8.00,17.33,4937.06,4922.10,12.33,12.17,45.00,32.00,14.00,7.00,20.00,19.84,0.00,0.00,11.78,11.40,127.00,113.97,5.63,0.09,182.00,185.06,102.00,107.50,283.00,290.44,2319.46,2215.36,1422.03,1304.71,648.59,546.26,796.01,685.54,195.05,149.44,147.73,137.82,115.06,185.83,307.83,199.36,123.00,115.42,16.00,9.41,3.00,0.00,49.89,32.98,53.29,42.80,4.53,4.06,27.67,15.33,13.00,14.83,171.00,163.11
1991,4.80,4.63,-7.11,-4.96,8.11,8.16,14.88,14.22,0.81,0.49,71.99,66.16,184.00,187.28,143.00,144.00,265.00,259.00,50.00,59.16,41.00,45.93,14.00,12.48,11.23,9.67,11.51,8.27,37.00,17.50,4840.24,4913.66,12.33,12.25,24.00,32.00,5.00,7.00,35.00,20.06,0.00,0.00,15.62,11.53,121.00,113.92,0.48,0.09,188.00,185.39,102.00,107.25,289.00,290.56,2294.07,2217.63,1363.86,1305.63,568.69,546.88,702.24,686.23,159.37,149.01,109.97,138.35,235.51,186.10,244.80,199.93,110.00,115.39,15.00,9.43,1.00,0.00,34.76,32.93,45.13,42.79,4.26,4.05,28.17,15.36,13.00,14.78,161.00,163.42
1992,5.92,4.65,0.33,-4.90,9.44,8.17,14.41,14.22,0.39,0.50,60.74,66.09,178.00,187.13,142.00,144.00,235.00,259.00,52.00,58.90,33.00,45.63,6.00,12.33,8.49,9.62,8.77,8.20,41.00,17.67,4445.92,4905.21,21.37,12.33,43.00,32.00,9.00,7.00,35.00,20.28,0.00,0.00,22.74,11.67,92.00,113.86,0.06,0.09,182.00,185.71,103.00,107.00,284.00,290.67,2309.97,2219.91,1414.85,1306.54,671.02,547.49,631.46,686.92,114.83,148.58,119.60,138.88,161.77,186.37,204.74,200.51,99.00,115.37,8.00,9.45,1.00,0.00,31.75,32.89,42.32,42.78,4.05,4.04,16.26,15.39,13.00,14.74,149.00,163.73
1993,4.37,4.67,-8.62,-4.84,9.74,8.18,13.63,14.22,1.03,0.51,63.86,66.03,186.00,186.98,124.00,144.00,256.00,259.00,67.00,58.64,52.00,45.32,29.00,12.18,12.33,9.57,8.22,8.14,8.00,17.83,4978.83,4896.76,12.05,12.41,28.00,32.00,4.00,7.00,24.00,20.50,0.00,0.00,11.51,11.80,131.00,113.81,0.00,0.09,176.00,186.03,106.00,106.75,281.00,290.78,2223.78,2222.18,1344.48,1307.46,569.03,548.10,610.97,687.62,107.88,148.14,160.51,139.40,190.11,186.64,176.32,201.08,101.00,115.34,8.00,9.47,0.00,0.00,25.22,32.84,33.63,42.77,3.86,4.03,14.01,15.41,26.00,14.70,154.00,164.04
1994,5.44,4.70,-3.94,-4.78,9.08,8.20,15.55,14.23,0.36,0.51,63.61,65.96,176.00,186.83,153.00,144.00,264.00,259.00,64.00,58.37,42.00,45.01,10.00,12.03,6.85,9.52,7.12,8.07,29.00,18.00,4615.68,4888.32,16.16,12.49,41.00,32.00,12.00,7.00,40.00,20.71,0.00,0.00,18.08,11.93,110.00,113.76,1.65,0.09,215.00,186.35,86.00,106.50,300.00,290.89,2521.78,2224.46,1472.46,1308.37,639.74,548.71,689.02,688.31,207.02,147.71,134.86,139.93,144.36,186.92,182.65,201.65,116.00,115.32,13.00,9.49,1.00,0.00,37.79,32.79,45.83,42.76,4.16,4.02,13.58,15.44,17.00,14.65,160.00,164.34
1995,5.06,4.72,-3.92,-4.72,8.86,8.21,14.30,14.23,0.73,0.52,64.16,65.90,175.00,186.69,146.00,144.00,262.00,259.00,53.00,58.11,44.00,44.71,15.00,11.89,9.32,9.48,7.95,8.01,41.00,18.17,4732.78,4879.87,14.52,12.57,27.00,32.00,2.00,7.00,22.00,20.93,0.00,0.00,14.52,12.07,115.00,113.70,0.00,0.09,185.00,186.68,111.00,106.25,295.00,291.00,2244.40,2226.73,1323.55,1309.29,549.93,549.32,702.65,689.00,120.28,147.28,108.57,140.45,207.38,187.19,288.84,202.23,115.00,115.29,12.00,9.52,0.00,0.00,41.76,32.75,48.55,42.75,4.35,4.02,16.82,15.46,20.00,14.61,157.00,164.65
1996,2.74,4.74,-7.52,-4.65,6.93,8.23,14.07,14.24,-1.34,0.53,72.74,65.83,191.00,186.54,147.00,144.00,261.00,259.00,82.00,57.85,75.00,44.40,36.00,11.74,16.99,9.43,19.18,7.95,7.00,18.33,5582.79,4871.43,8.22,12.65,31.00,32.00,3.00,7.00,14.00,21.15,0.00,0.00,10.68,12.20,113.00,113.65,0.00,0.09,194.00,187.00,95.00,106.00,288.00,291.11,2167.52,2229.01,1216.78,1310.21,477.30,549.93,697.49,689.69,146.76,146.85,114.71,140.98,199.30,187.46,210.06,202.80,108.00,115.26,16.00,9.54,0.00,0.00,32.93,32.70,39.73,42.74,4.22,4.01,23.83,15.49,13.00,14.57,157.00,164.96
1997,5.29,4.77,-6.67,-4.59,8.20,8.24,14.37,14.24,2.31,0.54,72.14,65.77,177.00,186.39,142.00,144.00,272.00,259.00,48.00,57.58,39.00,44.09,4.00,11.59,5.48,9.38,6.30,7.88,14.00,18.50,4651.66,4862.98,10.14,12.73,23.00,32.00,3.00,7.00,14.00,21.37,0.00,0.00,15.34,12.34,129.00,113.59,0.93,0.09,191.00,187.32,106.00,105.75,296.00,291.22,2263.40,2231.28,1334.05,1311.12,559.94,550.54,840.66,690.38,184.88,146.42,142.85,141.51,288.71,187.73,217.34,203.37,135.00,115.24,12.00,9.56,2.00,0.00,47.42,32.66,61.25,42.73,4.31,4.00,20.30,15.51,10.00,14.52,191.00,165.27
1998,6.71,4.79,-1.90,-4.53,10.21,8.25,16.27,14.25,2.33,0.54,68.03,65.70,161.00,186.24,124.00,144.00,265.00,259.00,33.00,57.32,25.00,43.79,12.00,11.44,2.47,9.33,3.01,7.82,32.00,18.67,4177.04,4854.53,26.58,12.81,52.00,32.00,12.00,7.00,55.00,21.59,0.00,0.00,22.47,12.47,140.00,113.54,4.65,0.09,183.00,187.65,106.00,105.50,288.00,291.33,2558.87,2233.56,1644.71,1312.04,805.49,551.15,565.31,691.08,120.25,145.99,111.25,142.03,143.11,188.00,188.55,203.95,96.00,115.21,7.00,9.58,0.00,0.00,31.55,32.61,35.32,42.72,3.77,3.99,11.50,15.54,18.00,14.48,143.00,165.58
1999,5.25,4.81,-2.99,-4.47,7.37,8.27,14.03,14.25,1.70,0.55,53.73,65.64,190.00,186.10,150.00,144.00,246.00,259.00,42.00,57.05,15.00,43.48,1.00,11.30,7.95,9.28,9.59,7.75,19.00,18.83,4663.91,4846.09,11.23,12.89,29.00,32.00,2.00,7.00,6.00,21.81,0.00,0.00,11.23,12.60,95.00,113.49,0.00,0.09,183.00,187.97,105.00,105.25,287.00,291.44,2037.98,2235.83,1145.16,1312.95,457.34,551.76,836.66,691.77,233.65,145.56,192.32,142.56,211.80,188.27,233.03,204.52,143.00,115.18,9.00,9.60,0.00,0.00,26.39,32.56,34.98,42.71,4.22,3.98,9.81,15.56,12.00,14.43,194.00,165.89
2000,4.21,4.84,-5.14,-4.41,7.61,8.28,13.53,14.25,0.00,0.56,56.23,65.57,188.00,185.95,145.00,144.00,264.00,259.00,69.00,56.79,53.00,43.17,11.00,11.15,10.41,9.23,7.12,7.69,14.00,19.00,5037.60,4837.64,4.93,12.97,23.00,32.00,2.00,7.00,0.00,22.03,0.00,0.00,8.49,12.74,118.00,113.43,0.00,0.09,167.00,188.29,108.00,105.00,274.00,291.56,1964.05,2238.11,1133.64,1313.87,428.33,552.37,632.75,692.46,110.68,145.13,156.44,143.08,211.33,188.55,146.34,205.09,109.00,115.16,6.00,9.62,0.00,0.00,26.28,32.52,33.60,42.70,3.80,3.97,6.14,15.59,12.00,14.39,159.00,166.20
2001,4.76,4.86,-3.82,-4.35,7.50,8.29,14.26,14.26,1.45,0.57,57.69,65.51,189.00,185.80,140.00,144.00,252.00,259.00,65.00,56.53,54.00,42.87,5.00,11.00,7.95,9.19,6.30,7.62,6.00,19.17,4844.03,4829.20,14.25,13.05,27.00,32.00,8.00,7.00,28.00,22.25,0.00,0.00,8.77,12.87,111.00,113.38,0.00,0.09,179.00,188.61,105.00,104.75,283.00,291.67,2130.52,2240.38,1241.30,1314.79,521.44,552.98,717.60,693.15,90.35,144.69,157.24,143.61,270.53,188.82,213.37,205.66,116.00,115.13,10.00,9.64,1.00,0.00,62.50,32.47,78.65,42.69,4.14,3.96,21.53,15.61,15.00,14.35,167.00,166.50
2002,4.77,4.89,-5.93,-4.28,7.05,8.31,14.03,14.26,2.17,0.57,60.37,65.44,188.00,185.65,159.00,144.00,250.00,259.00,56.00,56.26,39.00,42.56,13.00,10.85,13.97,9.14,12.33,7.56,41.00,19.33,4853.54,4820.75,14.25,13.13,28.00,32.00,11.00,7.00,22.00,22.47,0.00,0.00,16.16,13.00,90.00,113.32,0.78,0.09,168.00,188.94,130.00,104.50,297.00,291.78,2007.78,2242.66,1185.85,1315.70,499.10,553.60,577.47,693.85,116.60,144.26,154.28,144.13,180.10,189.09,114.58,206.24,89.00,115.11,8.00,9.66,0.00,0.00,23.81,32.43,30.92,42.68,3.74,3.95,12.29,15.64,16.00,14.30,147.00,166.81
2003,5.37,4.91,-2.65,-4.22,8.67,8.32,14.86,14.27,0.55,0.58,62.00,65.38,183.00,185.51,155.00,144.00,252.00,259.00,55.00,56.00,45.00,42.25,5.00,10.70,10.14,9.09,8.77,7.50,30.00,19.50,4634.38,4812.31,16.16,13.21,45.00,32.00,13.00,7.00,34.00,22.69,0.00,0.00,14.52,13.14,96.00,113.27,0.20,0.09,205.00,189.26,98.00,104.25,302.00,291.89,2416.08,2244.94,1409.50,1316.62,611.53,554.21,605.46,694.54,135.14,143.83,154.49,144.66,128.54,189.36,186.84,206.81,105.00,115.08,3.00,9.68,0.00,0.00,28.00,32.38,39.66,42.67,3.61,3.94,6.65,15.66,20.00,14.26,159.00,167.12
2004,5.54,4.93,-3.77,-4.16,8.87,8.34,15.05,14.27,1.69,0.59,68.63,65.31,192.00,185.36,144.00,144.00,272.00,259.00,45.00,55.74,29.00,41.95,9.00,10.56,5.75,9.04,9.59,7.43,23.00,19.67,4596.46,4803.86,18.36,13.29,44.00,32.00,17.00,7.00,43.00,22.91,0.00,0.00,14.79,13.27,127.00,113.21,0.01,0.09,197.00,189.58,93.00,104.00,289.00,292.00,2391.63,2247.21,1414.57,1317.53,598.69,554.82,771.41,695.23,130.47,143.40,160.30,145.19,250.76,189.63,225.88,207.38,129.00,115.05,12.00,9.70,1.00,0.00,32.15,32.33,48.44,42.66,4.16,3.93,15.71,15.69,12.00,14.22,179.00,167.43
2005,4.97,4.96,-4.34,-4.10,9.00,8.35,13.41,14.28,0.17,0.60,70.12,65.25,166.00,185.21,128.00,144.00,230.00,259.00,45.00,55.47,45.00,41.64,15.00,10.41,8.22,8.99,4.11,7.37,37.00,19.83,4755.49,4795.41,18.36,13.37,21.00,32.00,2.00,7.00,46.00,23.13,0.00,0.00,18.63,13.40,101.00,113.16,0.00,0.09,192.00,189.90,108.00,103.75,299.00,292.11,2221.50,2249.49,1271.63,1318.45,481.97,555.43,753.73,695.92,152.95,142.97,144.03,145.71,251.81,189.90,203.36,207.96,121.00,115.03,14.00,9.72,0.00,0.00,40.97,32.29,55.73,42.64,4.23,3.92,23.14,15.71,25.00,14.17,173.00,167.74
2006,5.60,4.98,-1.78,-4.04,9.09,8.36,14.83,14.28,0.46,0.60,65.12,65.18,192.00,185.06,134.00,144.00,259.00,259.00,44.00,55.21,37.00,41.33,7.00,10.26,13.70,8.94,6.03,7.30,36.00,20.00,4557.64,4786.97,18.90,13.44,43.00,32.00,12.00,7.00,41.00,23.35,0.00,0.00,15.07,13.54,124.00,113.11,3.94,0.09,209.00,190.23,94.00,103.50,302.00,292.22,2391.23,2251.76,1393.08,1319.37,622.57,556.04,619.47,696.62,128.58,142.54,137.95,146.24,144.75,190.17,223.84,208.53,108.00,115.00,6.00,9.74,0.00,0.00,24.63,32.24,38.70,42.63,3.74,3.91,7.17,15.74,25.00,14.13,158.00,168.05
2007,4.76,5.00,-3.54,-3.97,7.98,8.38,14.29,14.28,-0.19,0.61,65.73,65.12,183.00,184.92,145.00,144.00,252.00,259.00,66.00,54.95,47.00,41.03,9.00,10.11,10.14,8.90,4.93,7.24,0.00,20.17,4860.31,4778.52,11.78,13.52,28.00,32.00,10.00,7.00,21.00,23.57,0.00,0.00,9.86,13.67,106.00,113.05,3.96,0.09,189.00,190.55,110.00,103.25,298.00,292.33,2196.66,2254.04,1263.92,1320.28,528.92,556.65,743.95,697.31,175.45,142.11,148.76,146.76,141.73,190.45,258.87,209.10,136.00,114.97,8.00,9.76,0.00,0.00,33.32,32.20,48.60,42.62,4.12,3.90,12.98,15.76,11.00,14.09,177.00,168.36
2008,3.94,5.03,-4.52,-3.91,5.83,8.39,14.15,14.29,0.37,0.62,68.03,65.06,197.00,184.77,129.00,144.00,257.00,259.00,60.00,54.68,58.00,40.72,20.00,9.97,16.99,8.85,12.05,7.17,6.00,20.33,5157.19,4770.08,11.23,13.60,26.00,32.00,8.00,7.00,19.00,23.79,0.00,0.00,9.32,13.81,127.00,113.00,0.57,0.09,160.00,190.87,122.00,103.00,281.00,292.44,2020.45,2256.31,1220.78,1321.20,498.99,557.26,638.12,698.00,133.52,141.68,110.47,147.29,192.77,190.72,195.44,209.68,117.00,114.95,5.00,9.78,0.00,0.00,33.64,32.15,38.57,42.61,3.53,3.89,6.81,15.79,12.00,14.04,176.00,168.66
2009,3.96,5.05,-6.92,-3.85,7.28,8.40,15.44,14.29,-0.54,0.63,68.46,64.99,207.00,184.62,159.00,144.00,268.00,259.00,72.00,54.42,69.00,40.41,21.00,9.82,17.81,8.80,8.49,7.11,0.00,20.50,5169.21,4761.63,12.33,13.68,57.00,32.00,14.00,7.00,33.00,24.01,0.00,0.00,5.21,13.94,108.00,112.94,4.43,0.09,161.00,191.19,120.00,102.75,280.00,292.56,2124.27,2258.59,1323.03,1322.11,620.36,557.87,631.08,698.69,149.76,141.24,115.56,147.82,140.26,190.99,244.21,210.25,105.00,114.92,10.00,9.80,1.00,0.00,29.58,32.10,33.54,42.60,4.24,3.88,19.01,15.82,17.00,14.00,145.00,168.97
2010,5.31,5.07,-1.94,-3.79,7.86,8.42,13.35,14.30,0.64,0.63,66.93,64.93,193.00,184.47,167.00,144.00,260.00,259.00,45.00,54.15,33.00,40.11,9.00,9.67,16.71,8.75,6.58,7.05,34.00,20.67,4642.45,4753.18,21.92,13.76,36.00,32.00,5.00,7.00,36.00,24.23,0.00,0.00,9.86,14.07,92.00,112.89,1.81,0.09,225.00,191.52,83.00,102.50,307.00,292.67,2284.88,2260.86,1234.03,1323.03,462.26,558.48,441.98,699.39,58.85,140.81,114.37,148.34,178.74,191.26,94.84,210.82,83.00,114.89,4.00,9.82,0.00,0.00,24.27,32.06,28.25,42.59,3.31,3.88,8.43,15.84,14.00,13.96,127.00,169.28
2011,,5.10,,-3.73,,8.43,,14.30,,0.64,,64.86,,184.32,,144.00,,259.00,,53.89,,39.80,,9.52,,8.70,,6.98,,20.83,,4744.74,,13.84,,32.00,,7.00,,24.45,,0.00,,14.21,,112.84,,0.09,,191.84,,102.25,,292.78,,2263.14,,1323.95,,559.09,,700.08,,140.38,,148.87,,191.53,,211.39,,114.87,,9.85,,0.00,,32.01,,42.58,,3.87,,15.87,,13.91,,169.59
