Station:,"56.7955,-116.3982",,,,Station ID:,91,,Begin Yr:,1949,,,,,,,,,,,,,,,,,,,,,,,,,,,,,,,,,,,,,,,,,,,,,,,,,,,,,,,,,,,,,,,,,,,,,,,,,,,,,,,
Lat:,56.79550171,Lon:,-116.398201,,Country:,Canada,,End Yr:,2011,,,,,,,,,,,,,,,,,,,,,,,,,,,,,,,,,,,,,,,,,,,,,,,,,,,,,,,,,,,,,,,,,,,,,,,,,,,,,,,
Trend (/yr):,,,,,,,,,,,,,,,,,,,,,,,,,,,,,,,,,,,,,,,,,,,,,,,,,,,,,,,,,,,,,,,,,,,,,,,,,,,,,,,,,,,,,,,,
Significance:,,,,,,,,,,,,,,,,,,,,,,,,,,,,,,,,,,,,,,,,,,,,,,,,,,,,,,,,,,,,,,,,,,,,,,,,,,,,,,,,,,,,,,,,
Year,01TMEAN,01TMEAN Trendline,02TWinter,02TWinter Trendline,03TSpring,03TSpring Trendline,04TSummer,04TSummer Trendline,05TFall,05TFall Trendline,06TRange,06TRange Trendline,21FrostDays,21FrostDays Trendline,22FrostLast,22FrostLast Trendline,23FrostFirst,23FrostFirst Trendline,24IceDays,24IceDays Trendline,25Tmin10,25Tmin10 Trendline,26Tmin20,26Tmin20 Trendline,27ColdNights,27ColdNights Trendline,28ColdDays,28ColdDays Trendline,29ColdSpell,29ColdSpell Trendline,30HeatingDD,30HeatingDD Trendline,40Tmax90,40Tmax90 Trendline,41SummerDays,41SummerDays Trendline,42Tmax30,42Tmax30 Trendline,43HWDI,43HWDI Trendline,44TropNight,44TropNight Trendline,45Tmin90,45Tmin90 Trendline,46FrostFree,46FrostFree Trendline,47CoolingDD,47CoolingDD Trendline,61GSL,61GSL Trendline,62GSLBegin,62GSLBegin Trendline,63GSLEnd,63GSLEnd Trendline,64GDD0,64GDD0 Trendline,65GDD5,65GDD5 Trendline,66GDD10,66GDD10 Trendline,81PAnnual,81PAnnual Trendline,82PWinter,82PWinter Trendline,83PSpring,83PSpring Trendline,84PSummer,84PSummer Trendline,85PFall,85PFall Trendline,86Pge2,86Pge2 Trendline,87Pge10,87Pge10 Trendline,88Pge20,88Pge20 Trendline,89P3days,89P3days Trendline,90P5days,90P5days Trendline,91SDPI,91SDPI Trendline,92Pge95,92Pge95 Trendline,93DryPeriod,93DryPeriod Trendline,94PDays1,94PDays1 Trendline
1949,,,,,,,,,,,,,,,,,,,,,,,,,,,,,,,,,,,,,,,,,,,,,,,,,,,,,,,,,,,,,,,,,,,,,,,,,,,,,,,,,,,,,,,,
1950,-3.03,-1.29,-23.00,-17.97,5.35,5.23,13.19,12.88,-9.40,-5.71,81.12,73.61,224.00,212.25,143.00,144.00,227.00,251.00,144.00,130.85,153.00,136.13,103.00,80.00,18.36,11.66,16.44,12.48,0.00,17.57,7693.04,7064.34,8.22,8.12,24.00,9.00,2.00,0.00,16.00,14.89,0.00,0.00,1.64,7.83,83.00,107.05,1.43,0.85,152.00,154.43,119.00,122.57,270.00,277.00,1862.02,1840.14,1105.14,1065.69,457.16,416.84,363.58,428.84,42.02,76.91,67.66,88.12,134.82,174.11,107.29,80.77,78.00,68.48,2.00,6.00,0.00,2.00,20.30,42.27,28.71,51.51,3.84,4.26,0.00,19.85,28.00,27.66,94.00,96.53
1951,-2.94,-1.26,-20.17,-17.86,4.85,5.25,12.79,12.88,-9.59,-5.69,71.76,73.56,219.00,212.27,178.00,144.00,240.00,251.00,151.00,130.48,153.00,135.82,94.00,79.50,24.93,11.62,19.18,12.39,15.00,17.91,7644.42,7051.65,6.58,8.22,9.00,9.11,0.00,0.00,16.00,15.45,0.00,0.00,5.21,7.91,61.00,107.09,0.00,0.85,150.00,154.60,116.00,122.43,265.00,277.00,1706.45,1841.65,982.06,1066.63,378.01,417.76,444.48,429.20,72.60,76.57,117.19,88.65,160.18,174.41,104.97,80.51,79.00,68.43,8.00,6.00,0.00,2.00,45.78,42.28,59.50,51.45,4.26,4.25,17.63,19.88,15.00,27.57,104.00,96.76
1952,0.25,-1.22,-19.27,-17.76,6.70,5.27,12.45,12.89,-1.20,-5.67,68.78,73.51,201.00,212.29,147.00,144.00,242.00,251.00,116.00,130.12,122.00,135.52,57.00,79.00,10.14,11.59,5.75,12.30,21.00,18.26,6481.69,7038.97,11.51,8.32,6.00,9.22,0.00,0.00,39.00,16.00,0.00,0.00,7.67,7.98,94.00,107.13,0.00,0.85,201.00,154.78,103.00,122.29,303.00,277.00,2088.75,1843.16,1139.65,1067.58,381.70,418.68,335.49,429.57,60.85,76.22,55.27,89.18,188.05,174.71,32.65,80.25,63.00,68.39,4.00,6.00,0.00,2.00,30.18,42.29,35.42,51.39,4.27,4.25,3.82,19.92,43.00,27.48,78.00,97.00
1953,0.25,-1.19,-15.44,-17.66,5.31,5.29,13.08,12.89,-2.83,-5.65,75.96,73.45,202.00,212.31,155.00,144.00,269.00,251.00,117.00,129.75,124.00,135.22,46.00,78.50,8.49,11.55,9.32,12.21,33.00,18.61,6501.62,7026.28,10.14,8.41,15.00,9.33,0.00,0.00,31.00,16.55,0.00,0.00,7.67,8.06,113.00,107.17,0.26,0.85,148.00,154.95,122.00,122.14,269.00,277.00,1791.49,1844.68,1054.42,1068.52,400.23,419.59,405.17,429.93,93.91,75.87,100.21,89.71,118.88,175.01,59.07,79.99,71.00,68.35,4.00,6.00,1.00,2.00,36.71,42.29,49.31,51.34,4.23,4.24,16.75,19.95,29.00,27.39,95.00,97.24
1954,-0.83,-1.15,-16.60,-17.56,1.20,5.31,12.90,12.90,-0.58,-5.62,73.35,73.40,207.00,212.33,135.00,144.00,258.00,251.00,123.00,129.39,121.00,134.91,62.00,78.00,14.79,11.51,13.15,12.12,41.00,18.96,6875.02,7013.59,12.88,8.51,5.00,9.44,0.00,0.00,36.00,17.11,0.00,0.00,9.86,8.14,122.00,107.21,0.00,0.85,147.00,155.13,124.00,122.00,270.00,277.00,1740.20,1846.19,1019.11,1069.46,378.45,420.51,383.89,430.30,90.75,75.53,100.51,90.25,176.74,175.30,33.28,79.73,69.00,68.30,4.00,6.00,2.00,2.00,39.97,42.30,44.56,51.28,4.16,4.23,19.91,19.98,35.00,27.30,91.00,97.47
1955,-2.59,-1.12,-17.84,-17.45,4.39,5.33,12.96,12.90,-10.53,-5.60,71.06,73.35,225.00,212.35,141.00,144.00,252.00,251.00,144.00,129.02,147.00,134.61,101.00,77.50,16.71,11.47,18.63,12.03,6.00,19.30,7547.14,7000.90,9.04,8.61,18.00,9.56,0.00,0.00,6.00,17.66,0.00,0.00,7.67,8.22,110.00,107.25,1.61,0.85,138.00,155.30,133.00,121.86,270.00,277.00,1677.64,1847.70,1011.10,1070.40,408.68,421.43,430.05,430.67,89.97,75.18,102.78,90.78,165.65,175.60,78.74,79.47,79.00,68.26,6.00,6.00,0.00,2.00,36.84,42.30,41.72,51.23,4.11,4.22,17.05,20.01,37.00,27.21,104.00,97.71
1956,-1.08,-1.08,-19.73,-17.35,5.91,5.35,12.60,12.91,-6.45,-5.58,74.36,73.30,216.00,212.36,132.00,144.00,228.00,251.00,118.00,128.66,120.00,134.30,78.00,77.00,13.15,11.43,15.34,11.94,29.00,19.65,6975.53,6988.21,10.68,8.70,10.00,9.67,0.00,0.00,29.00,18.21,0.00,0.00,12.60,8.30,95.00,107.29,0.35,0.85,145.00,155.48,123.00,121.71,267.00,277.00,1776.64,1849.22,1066.57,1071.35,443.67,422.35,464.08,431.03,84.80,74.83,121.06,91.31,183.66,175.90,78.56,79.21,69.00,68.22,10.00,6.00,3.00,2.00,52.98,42.31,55.69,51.17,4.76,4.22,30.84,20.04,39.00,27.12,97.00,97.95
1957,-0.76,-1.04,-14.79,-17.25,4.82,5.37,12.38,12.91,-4.18,-5.56,70.28,73.25,222.00,212.38,162.00,144.00,237.00,251.00,139.00,128.29,137.00,134.00,59.00,76.50,13.15,11.39,9.86,11.86,0.00,20.00,6846.69,6975.53,7.40,8.80,2.00,9.78,0.00,0.00,21.00,18.76,0.00,0.00,5.21,8.38,74.00,107.33,0.00,0.85,159.00,155.65,117.00,121.57,275.00,277.00,1788.68,1850.73,1018.15,1072.29,355.48,423.26,549.41,431.40,51.33,74.49,61.37,91.84,287.34,176.20,141.81,78.95,85.00,68.17,11.00,6.00,1.00,2.00,54.81,42.32,63.21,51.11,4.89,4.21,22.76,20.07,24.00,27.03,112.00,98.18
1958,0.34,-1.01,-15.11,-17.14,6.23,5.39,13.93,12.92,-5.74,-5.54,63.11,73.19,212.00,212.40,161.00,144.00,246.00,251.00,125.00,127.92,131.00,133.69,55.00,76.00,8.22,11.35,4.11,11.77,36.00,20.35,6455.14,6962.84,10.41,8.90,22.00,9.89,0.00,0.00,18.00,19.32,0.00,0.00,9.04,8.45,84.00,107.37,0.00,0.85,156.00,155.83,124.00,121.43,279.00,277.00,1921.43,1852.24,1155.65,1073.23,497.32,424.18,267.76,431.76,78.37,74.14,65.16,92.37,65.92,176.50,66.04,78.69,51.00,68.13,0.00,6.00,0.00,2.00,16.75,42.32,17.89,51.06,2.87,4.20,0.00,20.11,24.00,26.94,89.00,98.42
1959,-0.61,-0.97,-16.51,-17.04,4.93,5.41,12.45,12.92,-4.44,-5.51,75.17,73.14,231.00,212.42,148.00,144.00,241.00,251.00,122.00,127.56,117.00,133.39,59.00,75.50,18.08,11.31,13.70,11.68,47.00,20.70,6811.25,6950.15,9.04,8.99,13.00,10.00,2.00,0.00,37.00,19.87,0.00,0.00,8.49,8.53,92.00,107.41,0.57,0.85,145.00,156.00,133.00,121.29,277.00,277.00,1643.96,1853.76,943.41,1074.17,346.41,425.10,339.08,432.13,51.21,73.79,72.46,92.90,159.98,176.80,58.07,78.43,61.00,68.09,1.00,6.00,0.00,2.00,26.89,42.33,34.64,51.00,3.18,4.19,4.11,20.14,26.00,26.85,99.00,98.66
1960,-0.27,-0.94,-15.57,-16.94,4.85,5.44,13.71,12.93,-4.98,-5.49,65.83,73.09,211.00,212.44,155.00,144.00,259.00,251.00,132.00,127.19,134.00,133.09,66.00,75.00,9.86,11.27,5.21,11.59,17.00,21.04,6686.39,6937.46,7.95,9.09,17.00,10.11,0.00,0.00,0.00,20.42,0.00,0.00,4.38,8.61,103.00,107.45,0.00,0.85,165.00,156.17,126.00,121.14,290.00,277.00,1883.03,1855.27,1076.06,1075.12,424.08,426.02,445.78,432.49,57.09,73.45,156.11,93.44,161.51,177.10,67.46,78.17,57.00,68.04,9.00,6.00,2.00,2.00,57.32,42.34,57.32,50.94,4.24,4.18,30.44,20.17,21.00,26.76,101.00,98.89
1961,-0.66,-0.90,-13.29,-16.83,5.97,5.46,14.00,12.93,-8.66,-5.47,74.52,73.04,229.00,212.46,136.00,144.00,245.00,251.00,129.00,126.83,131.00,132.78,77.00,74.50,14.79,11.23,10.96,11.50,17.00,21.39,6850.86,6924.77,17.53,9.18,41.00,10.22,5.00,0.00,36.00,20.98,0.00,0.00,9.59,8.69,108.00,107.49,0.94,0.85,133.00,156.35,136.00,121.00,268.00,277.00,1911.02,1856.78,1257.52,1076.06,653.90,426.93,394.57,432.86,71.55,73.10,88.99,93.97,139.46,177.40,90.20,77.91,59.00,68.00,6.00,6.00,0.00,2.00,36.60,42.34,58.04,50.89,3.65,4.18,19.97,20.20,24.00,26.67,100.00,99.13
1962,-0.63,-0.87,-18.56,-16.73,4.70,5.48,12.72,12.94,-2.44,-5.45,72.26,72.98,211.00,212.48,133.00,144.00,245.00,251.00,123.00,126.46,124.00,132.48,67.00,74.00,8.77,11.19,8.22,11.41,27.00,21.74,6808.38,6912.09,7.67,9.28,6.00,10.33,0.00,0.00,21.00,21.53,0.00,0.00,8.22,8.77,111.00,107.52,0.10,0.85,153.00,156.52,129.00,120.86,281.00,277.00,1788.41,1858.30,1032.78,1077.00,392.31,427.85,565.87,433.22,76.69,72.76,166.87,94.50,226.64,177.70,85.72,77.64,84.00,67.96,12.00,6.00,2.00,2.00,40.39,42.35,51.33,50.83,4.64,4.17,24.93,20.23,22.00,26.58,116.00,99.37
1963,0.34,-0.83,-16.52,-16.63,5.56,5.50,14.88,12.94,-4.31,-5.42,72.02,72.93,193.00,212.50,127.00,144.00,279.00,251.00,124.00,126.10,125.00,132.17,73.00,73.50,4.93,11.15,7.67,11.33,29.00,22.09,6476.74,6899.40,11.78,9.38,13.00,10.44,1.00,0.00,29.00,22.08,0.00,0.00,15.34,8.85,151.00,107.56,1.86,0.85,184.00,156.70,113.00,120.71,296.00,277.00,2300.07,1859.81,1402.16,1077.95,633.12,428.77,493.90,433.59,121.25,72.41,70.01,95.03,251.68,178.00,48.73,77.38,64.00,67.91,6.00,6.00,1.00,2.00,90.60,42.36,95.16,50.78,4.58,4.16,23.67,20.27,43.00,26.49,101.00,99.61
1964,-0.60,-0.80,-13.76,-16.52,4.93,5.52,12.68,12.95,-5.62,-5.40,71.36,72.88,203.00,212.52,145.00,144.00,248.00,251.00,122.00,125.73,128.00,131.87,75.00,73.00,8.49,11.12,10.96,11.24,31.00,22.43,6805.81,6886.71,7.40,9.47,7.00,10.56,0.00,0.00,34.00,22.63,0.00,0.00,11.51,8.92,102.00,107.60,3.73,0.85,177.00,156.87,122.00,120.57,298.00,277.00,1999.27,1861.32,1152.69,1078.89,468.30,429.69,527.27,433.96,62.27,72.06,125.95,95.56,280.19,178.30,76.24,77.12,67.00,67.87,11.00,6.00,6.00,2.00,48.18,42.36,63.19,50.72,5.10,4.15,35.43,20.30,27.00,26.40,97.00,99.84
1965,-1.37,-0.76,-19.60,-16.42,4.54,5.54,13.14,12.95,-4.59,-5.38,75.81,72.83,225.00,212.54,141.00,144.00,247.00,251.00,125.00,125.37,137.00,131.56,82.00,72.50,14.25,11.08,14.25,11.15,29.00,22.78,7112.28,6874.02,9.86,9.57,22.00,10.67,1.00,0.00,19.00,23.19,0.00,0.00,10.14,9.00,105.00,107.64,3.49,0.85,141.00,157.05,113.00,120.43,253.00,277.00,1800.71,1862.84,1107.78,1079.83,544.65,430.60,312.91,434.32,89.24,71.72,47.06,96.10,124.81,178.60,49.05,76.86,47.00,67.83,4.00,6.00,0.00,2.00,26.26,42.37,34.53,50.66,3.08,4.14,10.68,20.33,24.00,26.31,91.00,100.08
1966,-2.50,-0.72,-21.14,-16.32,4.66,5.56,12.83,12.96,-9.01,-5.36,75.22,72.77,203.00,212.56,134.00,144.00,283.00,251.00,143.00,125.00,156.00,131.26,94.00,72.00,19.73,11.04,17.81,11.06,17.00,23.13,7490.02,6861.33,9.04,9.67,8.00,10.78,0.00,0.00,20.00,23.74,0.00,0.00,6.85,9.08,148.00,107.68,0.00,0.85,163.00,157.22,122.00,120.29,284.00,277.00,1886.48,1864.35,1075.99,1080.77,385.57,431.52,380.62,434.69,52.56,71.37,66.12,96.63,160.58,178.90,93.25,76.60,74.00,67.78,1.00,6.00,0.00,2.00,26.78,42.38,33.59,50.61,3.36,4.14,3.53,20.36,21.00,26.22,105.00,100.32
1967,-1.11,-0.69,-18.36,-16.21,2.73,5.58,14.81,12.96,-3.93,-5.34,72.50,72.72,216.00,212.58,173.00,144.00,274.00,251.00,130.00,124.63,138.00,130.96,87.00,71.50,11.78,11.00,10.14,10.97,16.00,23.48,7003.88,6848.65,9.32,9.76,21.00,10.89,2.00,0.00,18.00,24.29,0.00,0.00,10.14,9.16,100.00,107.72,1.86,0.85,142.00,157.40,132.00,120.14,273.00,277.00,1907.13,1865.86,1200.89,1081.72,559.15,432.44,391.38,435.05,105.98,71.02,59.10,97.16,115.83,179.20,108.03,76.34,67.00,67.74,2.00,6.00,0.00,2.00,20.96,42.38,28.05,50.55,3.42,4.13,8.00,20.39,21.00,26.14,106.00,100.55
1968,-1.30,-0.65,-16.00,-16.11,5.62,5.60,11.48,12.97,-5.82,-5.31,75.57,72.67,220.00,212.60,164.00,144.00,263.00,251.00,113.00,124.27,120.00,130.65,69.00,71.00,10.14,10.96,11.51,10.88,21.00,23.83,7050.95,6835.96,6.85,9.86,5.00,11.00,0.00,0.00,24.00,24.84,0.00,0.00,7.40,9.24,98.00,107.76,1.19,0.85,127.00,157.57,135.00,120.00,261.00,277.00,1480.56,1867.38,848.82,1082.66,300.23,433.36,426.88,435.42,85.09,70.68,73.04,97.69,191.55,179.50,88.98,76.08,67.00,67.70,6.00,6.00,1.00,2.00,27.08,42.39,27.48,50.50,3.69,4.12,8.63,20.43,33.00,26.05,107.00,100.79
1969,-1.35,-0.62,-22.24,-16.01,5.97,5.62,11.96,12.97,-4.30,-5.29,75.41,72.62,210.00,212.61,163.00,144.00,257.00,251.00,128.00,123.90,135.00,130.35,76.00,70.50,14.52,10.92,14.79,10.79,20.00,24.17,7066.23,6823.27,6.85,9.96,8.00,11.11,0.00,0.00,17.00,25.40,0.00,0.00,7.40,9.32,93.00,107.80,0.00,0.85,174.00,157.74,118.00,119.86,291.00,277.00,1816.79,1868.89,997.38,1083.60,393.41,434.27,450.69,435.78,52.31,70.33,76.22,98.22,218.45,179.80,105.29,75.82,59.00,67.65,10.00,6.00,2.00,2.00,57.07,42.40,63.25,50.44,4.83,4.11,24.63,20.46,29.00,25.96,88.00,101.03
1970,-0.89,-0.58,-14.65,-15.91,6.16,5.64,12.85,12.98,-8.42,-5.27,75.21,72.56,220.00,212.63,138.00,144.00,251.00,251.00,122.00,123.54,127.00,130.04,70.00,70.00,7.95,10.88,9.86,10.71,18.00,24.52,6919.65,6810.58,6.85,10.05,12.00,11.22,1.00,0.00,16.00,25.95,0.00,0.00,4.66,9.39,112.00,107.84,2.52,0.85,172.00,157.92,107.00,119.71,278.00,277.00,1941.33,1870.40,1130.66,1084.54,470.08,435.19,424.38,436.15,64.51,69.98,68.11,98.75,224.92,180.10,67.21,75.56,54.00,67.61,9.00,6.00,4.00,2.00,59.93,42.40,63.59,50.38,4.28,4.11,32.95,20.49,20.00,25.87,92.00,101.26
1971,-1.14,-0.55,-16.99,-15.80,6.16,5.66,13.57,12.98,-7.61,-5.25,77.29,72.51,210.00,212.65,137.00,144.00,263.00,251.00,131.00,123.17,144.00,129.74,81.00,69.50,8.77,10.84,12.33,10.62,0.00,24.87,7022.69,6797.89,8.49,10.15,17.00,11.33,1.00,0.00,7.00,26.50,0.00,0.00,9.04,9.47,125.00,107.88,3.59,0.85,157.00,158.09,112.00,119.57,268.00,277.00,1975.43,1871.92,1204.57,1085.49,547.63,436.11,441.59,436.51,70.02,69.64,95.95,99.29,187.56,180.40,89.77,75.30,57.00,67.57,10.00,6.00,2.00,2.00,56.07,42.41,64.67,50.33,4.37,4.10,30.19,20.52,18.00,25.78,94.00,101.50
1972,-2.50,-0.51,-21.17,-15.70,5.69,5.68,11.80,12.99,-7.67,-5.22,75.87,72.46,227.00,212.67,135.00,144.00,246.00,251.00,141.00,122.81,135.00,129.43,90.00,69.00,18.90,10.80,15.34,10.53,13.00,25.22,7489.89,6785.21,5.75,10.25,8.00,11.44,0.00,0.00,12.00,27.06,0.00,0.00,7.67,9.55,110.00,107.92,0.00,0.85,134.00,158.27,126.00,119.43,259.00,277.00,1686.25,1873.43,1025.59,1086.43,426.45,437.03,474.18,436.88,100.36,69.29,100.35,99.82,168.64,180.70,104.32,75.04,72.00,67.52,6.00,6.00,2.00,2.00,41.99,42.41,43.64,50.27,3.87,4.09,20.34,20.55,20.00,25.69,116.00,101.74
1973,-0.61,-0.48,-14.35,-15.60,6.77,5.70,12.69,12.99,-8.46,-5.20,68.87,72.41,212.00,212.69,121.00,144.00,230.00,251.00,124.00,122.44,133.00,129.13,78.00,68.50,6.85,10.76,8.22,10.44,0.00,25.57,6804.80,6772.52,5.75,10.34,10.00,11.56,0.00,0.00,6.00,27.61,0.00,0.00,6.03,9.63,108.00,107.96,0.00,0.85,157.00,158.44,121.00,119.29,277.00,277.00,1830.99,1874.94,1057.92,1087.37,414.44,437.94,629.75,437.25,63.57,68.94,178.87,100.35,245.38,181.00,140.96,74.78,90.00,67.48,12.00,6.00,5.00,2.00,90.37,42.42,93.45,50.21,5.08,4.08,38.32,20.59,32.00,25.60,122.00,101.97
1974,-0.75,-0.44,-18.49,-15.49,4.25,5.72,11.79,13.00,-2.57,-5.18,67.96,72.36,217.00,212.71,150.00,144.00,248.00,251.00,129.00,122.08,137.00,128.83,62.00,68.00,10.68,10.72,10.96,10.35,0.00,25.91,6848.11,6759.83,8.77,10.44,3.00,11.67,0.00,0.00,17.00,28.16,0.00,0.00,4.93,9.71,97.00,108.00,0.00,0.85,124.00,158.62,125.00,119.14,248.00,277.00,1420.23,1876.46,809.06,1088.32,280.84,438.86,444.37,437.61,127.87,68.60,64.96,100.88,204.24,181.29,51.23,74.52,77.00,67.43,2.00,6.00,1.00,2.00,32.09,42.43,41.90,50.16,3.50,4.07,4.73,20.62,45.00,25.51,122.00,102.21
1975,-0.66,-0.40,-15.42,-15.39,4.61,5.74,13.58,13.00,-6.42,-5.16,73.29,72.30,197.00,212.73,136.00,144.00,278.00,251.00,131.00,121.71,139.00,128.52,71.00,67.50,7.12,10.68,7.95,10.26,22.00,26.26,6844.60,6747.14,8.77,10.54,10.00,11.78,1.00,0.00,19.00,28.71,0.00,0.00,11.51,9.78,141.00,108.04,8.53,0.85,156.00,158.79,123.00,119.00,278.00,277.00,1919.81,1877.97,1147.77,1089.26,450.85,439.78,505.45,437.98,52.38,68.25,102.61,101.41,252.20,181.59,88.96,74.26,64.00,67.39,8.00,6.00,3.00,2.00,62.86,42.43,65.69,50.10,4.27,4.07,38.51,20.65,23.00,25.42,112.00,102.45
1976,1.17,-0.37,-13.63,-15.29,7.31,5.76,13.68,13.01,-2.53,-5.13,66.66,72.25,192.00,212.75,125.00,144.00,274.00,251.00,94.00,121.34,113.00,128.22,65.00,67.00,4.93,10.65,6.85,10.17,29.00,26.61,6148.95,6734.45,14.52,10.63,4.00,11.89,0.00,0.00,34.00,29.27,0.00,0.00,13.97,9.86,148.00,108.08,0.00,0.85,172.00,158.97,116.00,118.86,287.00,277.00,2066.52,1879.48,1227.95,1090.20,473.17,440.70,523.40,438.34,76.36,67.90,87.45,101.95,290.13,181.89,68.43,74.00,71.00,67.35,12.00,6.00,4.00,2.00,54.58,42.44,61.07,50.05,4.62,4.06,36.59,20.68,28.00,25.33,110.00,102.68
1977,0.87,-0.33,-9.47,-15.18,7.27,5.78,11.78,13.01,-6.82,-5.11,71.60,72.20,194.00,212.77,161.00,144.00,243.00,251.00,94.00,120.98,111.00,127.91,53.00,66.50,7.67,10.61,7.40,10.09,51.00,26.96,6260.23,6721.77,10.41,10.73,6.00,12.00,0.00,0.00,52.00,29.82,0.00,0.00,13.97,9.94,81.00,108.12,0.00,0.85,182.00,159.14,94.00,118.71,275.00,277.00,1963.21,1881.00,1080.99,1091.14,364.81,441.61,448.24,438.71,50.42,67.56,172.25,102.48,140.06,182.19,88.02,73.74,64.00,67.30,6.00,6.00,3.00,2.00,70.51,42.45,79.86,49.99,4.00,4.05,26.58,20.71,24.00,25.24,106.00,102.92
1978,-0.05,-0.30,-15.60,-15.08,6.41,5.80,13.04,13.02,-4.11,-5.09,72.29,72.15,192.00,212.79,144.00,144.00,262.00,251.00,124.00,120.61,123.00,127.61,77.00,66.00,7.95,10.57,6.03,10.00,14.00,27.30,6603.64,6709.08,7.12,10.83,10.00,12.11,0.00,0.00,6.00,30.37,0.00,0.00,11.23,10.02,117.00,108.16,1.31,0.85,181.00,159.31,114.00,118.57,294.00,277.00,2059.29,1882.51,1172.99,1092.09,463.40,442.53,483.25,439.07,36.47,67.21,127.77,103.01,251.93,182.49,67.85,73.48,67.00,67.26,10.00,6.00,2.00,2.00,42.46,42.45,48.22,49.93,4.45,4.04,22.63,20.74,26.00,25.15,102.00,103.16
1979,-0.35,-0.26,-20.63,-14.98,2.88,5.82,15.01,13.02,-1.53,-5.07,73.44,72.09,205.00,212.81,149.00,144.00,281.00,251.00,116.00,120.25,127.00,127.30,72.00,65.50,9.32,10.53,9.86,9.91,28.00,27.65,6738.66,6696.39,12.05,10.92,19.00,12.22,1.00,0.00,29.00,30.93,0.00,0.00,13.70,10.10,131.00,108.20,5.24,0.85,161.00,159.49,128.00,118.43,288.00,277.00,2095.65,1884.02,1296.90,1093.03,590.94,443.45,454.30,439.44,79.87,66.87,163.18,103.54,174.64,182.79,43.66,73.22,70.00,67.22,7.00,6.00,3.00,2.00,47.34,42.46,47.34,49.88,4.34,4.03,26.22,20.78,40.00,25.06,99.00,103.39
1980,0.90,-0.23,-13.87,-14.87,9.12,5.84,12.48,13.03,-3.50,-5.05,66.98,72.04,189.00,212.83,151.00,144.00,261.00,251.00,96.00,119.88,112.00,127.00,64.00,65.00,4.38,10.49,9.04,9.82,40.00,28.00,6246.20,6683.70,15.89,11.02,8.00,12.33,0.00,0.00,65.00,31.48,0.00,0.00,18.36,10.18,109.00,108.24,0.00,0.85,159.00,159.66,101.00,118.29,259.00,277.00,1995.00,1885.54,1203.45,1093.97,498.89,444.37,436.77,439.81,36.65,66.52,97.59,104.07,223.77,183.09,52.32,72.96,65.00,67.17,8.00,6.00,1.00,2.00,31.26,42.47,38.37,49.82,4.04,4.03,27.30,20.81,26.00,24.97,103.00,103.63
1981,2.17,-0.19,-9.79,-14.77,6.21,5.86,15.66,13.03,-3.86,-5.02,74.29,71.99,208.00,212.85,135.00,144.00,245.00,251.00,109.00,119.52,110.00,126.70,35.00,64.50,4.66,10.45,6.03,9.73,59.00,28.35,5844.08,6671.01,16.99,11.12,32.00,12.44,3.00,0.00,75.00,32.03,0.00,0.00,17.81,10.25,109.00,108.28,11.86,0.85,167.00,159.84,109.00,118.14,275.00,277.00,2200.13,1887.05,1384.60,1094.91,695.72,445.28,292.06,440.17,54.19,66.17,93.06,104.60,96.13,183.39,72.21,72.70,50.00,67.13,4.00,6.00,0.00,2.00,27.18,42.47,32.09,49.77,3.49,4.02,11.92,20.84,36.00,24.88,79.00,103.87
1982,-2.18,-0.16,-22.74,-14.67,4.51,5.88,13.19,13.04,-5.89,-5.00,77.04,71.94,210.00,212.87,157.00,144.00,238.00,251.00,145.00,119.15,150.00,126.39,101.00,64.00,13.97,10.41,13.70,9.64,0.00,28.70,7394.95,6658.33,7.40,11.21,20.00,12.56,2.00,0.00,9.00,32.58,0.00,0.00,4.66,10.33,80.00,108.32,4.24,0.85,173.00,160.01,116.00,118.00,288.00,277.00,1993.76,1888.56,1166.65,1095.86,516.54,446.20,367.45,440.54,70.49,65.83,50.83,105.14,170.09,183.69,73.82,72.44,53.00,67.09,4.00,6.00,1.00,2.00,64.01,42.48,75.33,49.71,3.49,4.01,17.42,20.87,22.00,24.79,99.00,104.11
1983,-0.51,-0.12,-13.69,-14.57,4.91,5.90,13.16,13.04,-6.45,-4.98,72.38,71.88,219.00,212.88,144.00,144.00,260.00,251.00,137.00,118.78,131.00,126.09,62.00,63.50,9.59,10.37,7.95,9.56,6.00,29.04,6775.25,6645.64,7.12,11.31,10.00,12.67,1.00,0.00,0.00,33.14,0.00,0.00,8.22,10.41,115.00,108.36,0.65,0.85,174.00,160.19,104.00,117.86,277.00,277.00,1885.05,1890.08,1090.19,1096.80,478.48,447.12,527.26,440.90,47.03,65.48,145.43,105.67,279.79,183.99,58.17,72.18,67.00,67.04,14.00,6.00,4.00,2.00,50.39,42.49,60.25,49.65,4.99,4.00,42.54,20.90,22.00,24.70,101.00,104.34
1984,-0.01,-0.08,-10.35,-14.46,7.23,5.93,12.85,13.05,-9.33,-4.96,75.05,71.83,211.00,212.90,143.00,144.00,242.00,251.00,107.00,118.42,115.00,125.78,71.00,63.00,10.96,10.33,13.70,9.47,53.00,29.39,6618.25,6632.95,16.71,11.41,15.00,12.78,2.00,0.00,60.00,33.69,0.00,0.00,14.79,10.49,98.00,108.40,9.05,0.85,145.00,160.36,120.00,117.71,264.00,277.00,1697.03,1891.59,993.91,1097.74,432.39,448.04,519.06,441.27,39.43,65.13,147.00,106.20,243.17,184.29,89.78,71.92,73.00,67.00,7.00,6.00,2.00,2.00,74.40,42.49,78.88,49.60,4.56,4.00,28.55,20.94,17.00,24.61,109.00,104.58
1985,-0.56,-0.05,-15.45,-14.36,6.22,5.95,11.95,13.05,-8.80,-4.93,70.58,71.78,226.00,212.92,132.00,144.00,248.00,251.00,109.00,118.05,116.00,125.48,64.00,62.50,13.42,10.29,11.23,9.38,44.00,29.74,6790.03,6620.26,10.14,11.50,12.00,12.89,0.00,0.00,47.00,34.24,0.00,0.00,10.41,10.57,115.00,108.44,1.16,0.85,157.00,160.54,121.00,117.57,277.00,277.00,1716.65,1893.10,978.76,1098.68,364.70,448.95,389.31,441.63,56.78,64.79,64.94,106.73,184.69,184.59,78.62,71.66,67.00,66.96,3.00,6.00,0.00,2.00,24.03,42.50,36.54,49.54,3.24,3.99,0.00,20.97,22.00,24.52,114.00,104.82
1986,0.85,-0.01,-11.33,-14.26,6.03,5.97,13.03,13.06,-5.09,-4.91,75.12,71.73,211.00,212.94,164.00,144.00,236.00,251.00,107.00,117.69,123.00,125.17,49.00,62.00,11.23,10.25,9.59,9.29,35.00,30.09,6274.66,6607.58,14.52,11.60,13.00,13.00,1.00,0.00,58.00,34.79,0.00,0.00,12.33,10.65,71.00,108.48,1.89,0.85,174.00,160.71,124.00,117.43,297.00,277.00,1953.76,1894.62,1119.81,1099.63,459.17,449.87,405.96,442.00,62.18,64.44,119.78,107.26,139.55,184.89,83.75,71.40,68.00,66.91,5.00,6.00,2.00,2.00,62.13,42.51,65.29,49.48,3.75,3.98,21.03,21.00,26.00,24.43,102.00,105.05
1987,2.45,0.02,-10.15,-14.15,7.11,5.99,13.36,13.06,-1.00,-4.89,62.57,71.67,198.00,212.96,140.00,144.00,279.00,251.00,101.00,117.32,106.00,124.87,30.00,61.50,4.93,10.22,4.11,9.20,61.00,30.43,5693.63,6594.89,12.88,11.69,13.00,13.11,0.00,0.00,65.00,35.35,0.00,0.00,14.25,10.72,138.00,108.51,0.06,0.85,172.00,160.88,115.00,117.29,286.00,277.00,2048.10,1896.13,1209.04,1100.57,465.14,450.79,442.73,442.36,60.19,64.09,123.41,107.80,239.60,185.19,19.54,71.14,56.00,66.87,12.00,6.00,2.00,2.00,76.31,42.51,90.04,49.43,4.72,3.97,32.21,21.03,47.00,24.34,89.00,105.29
1988,1.00,0.06,-11.60,-14.05,6.82,6.01,13.10,13.07,-3.60,-4.87,71.36,71.62,213.00,212.98,125.00,144.00,251.00,251.00,99.00,116.96,108.00,124.57,52.00,61.00,6.85,10.18,6.03,9.11,50.00,30.78,6211.96,6582.20,15.62,11.79,6.00,13.22,0.00,0.00,67.00,35.90,0.00,0.00,12.05,10.80,125.00,108.55,0.00,0.85,163.00,161.06,126.00,117.14,288.00,277.00,1933.65,1897.64,1139.69,1101.51,452.63,451.71,509.41,442.73,66.42,63.75,123.87,108.33,232.67,185.49,85.33,70.88,75.00,66.83,10.00,6.00,2.00,2.00,52.50,42.52,58.95,49.37,4.77,3.96,24.50,21.06,25.00,24.25,103.00,105.53
1989,0.13,0.09,-16.32,-13.95,6.04,6.03,13.65,13.07,-5.65,-4.85,67.32,71.57,221.00,213.00,148.00,144.00,252.00,251.00,117.00,116.59,130.00,124.26,72.00,60.50,10.14,10.14,7.67,9.02,15.00,31.13,6560.29,6569.51,13.15,11.89,19.00,13.33,0.00,0.00,25.00,36.45,0.00,0.00,12.88,10.88,103.00,108.59,1.36,0.85,145.00,161.23,115.00,117.00,259.00,277.00,1900.67,1899.16,1191.66,1102.46,576.12,452.63,476.14,443.10,64.52,63.40,119.07,108.86,206.07,185.79,93.95,70.62,70.00,66.78,7.00,6.00,2.00,2.00,44.63,42.52,49.24,49.32,4.28,3.96,29.45,21.10,39.00,24.16,106.00,105.76
1990,-0.48,0.13,-12.98,-13.84,6.06,6.05,14.45,13.08,-8.21,-4.82,74.41,71.52,217.00,213.02,141.00,144.00,263.00,251.00,119.00,116.23,132.00,123.96,74.00,60.00,12.05,10.10,9.32,8.94,39.00,31.48,6800.94,6556.82,13.97,11.98,26.00,13.44,4.00,0.00,54.00,37.01,0.00,0.00,11.51,10.96,121.00,108.63,8.70,0.85,168.00,161.41,107.00,116.86,274.00,277.00,2061.58,1900.67,1263.97,1103.40,602.21,453.54,437.53,443.46,76.52,63.05,134.23,109.39,103.83,186.09,112.41,70.36,58.00,66.74,5.00,6.00,2.00,2.00,67.72,42.53,73.20,49.26,3.70,3.95,18.76,21.13,17.00,24.07,111.00,106.00
1991,1.00,0.16,-13.44,-13.74,7.71,6.07,14.13,13.08,-7.39,-4.80,70.23,71.46,206.00,213.04,144.00,144.00,260.00,251.00,123.00,115.86,131.00,123.65,58.00,59.50,9.04,10.06,8.77,8.85,51.00,31.83,6254.02,6544.14,15.89,12.08,17.00,13.56,2.00,0.00,62.00,37.56,0.00,0.00,15.07,11.04,115.00,108.67,8.13,0.85,184.00,161.58,105.00,116.71,288.00,277.00,2209.26,1902.18,1308.21,1104.34,579.23,454.46,570.85,443.83,62.86,62.71,186.92,109.92,184.48,186.39,147.40,70.10,69.00,66.70,11.00,6.00,3.00,2.00,81.41,42.54,99.91,49.20,4.74,3.94,30.96,21.16,35.00,23.99,115.00,106.24
1992,0.86,0.20,-8.65,-13.64,6.73,6.09,11.60,13.09,-4.00,-4.78,74.67,71.41,218.00,213.06,143.00,144.00,234.00,251.00,104.00,115.49,100.00,123.35,43.00,59.00,11.23,10.02,12.05,8.76,39.00,32.17,6266.41,6531.45,15.62,12.18,9.00,13.67,0.00,0.00,35.00,38.11,0.00,0.00,12.60,11.12,90.00,108.71,1.36,0.85,141.00,161.76,115.00,116.57,255.00,277.00,1619.55,1903.70,949.17,1105.28,404.05,455.38,411.96,444.19,53.95,62.36,148.68,110.45,147.58,186.69,53.12,69.84,66.00,66.65,6.00,6.00,1.00,2.00,40.84,42.54,48.41,49.15,3.51,3.93,19.31,21.19,22.00,23.90,112.00,106.47
1993,1.43,0.24,-14.64,-13.53,7.66,6.11,12.40,13.09,-2.73,-4.76,61.26,71.36,217.00,213.08,145.00,144.00,255.00,251.00,101.00,115.13,104.00,123.04,51.00,58.50,7.95,9.98,5.48,8.67,26.00,32.52,6053.87,6518.76,13.70,12.27,8.00,13.78,0.00,0.00,61.00,38.66,0.00,0.00,11.78,11.19,109.00,108.75,0.00,0.85,169.00,161.93,117.00,116.43,285.00,277.00,1883.04,1905.21,1066.66,1106.23,400.36,456.30,433.97,444.56,40.75,62.02,89.33,110.99,247.31,186.99,56.68,69.58,61.00,66.61,6.00,6.00,2.00,2.00,71.56,42.55,74.38,49.09,4.45,3.93,23.50,21.22,23.00,23.81,95.00,106.71
1994,0.09,0.27,-17.35,-13.43,7.26,6.13,14.79,13.10,-5.54,-4.73,74.75,71.31,203.00,213.10,119.00,144.00,255.00,251.00,112.00,114.76,121.00,122.74,72.00,58.00,6.58,9.94,8.49,8.58,34.00,32.87,6568.27,6506.07,13.70,12.37,18.00,13.89,0.00,0.00,30.00,39.22,0.00,0.00,12.05,11.27,135.00,108.79,2.75,0.85,164.00,162.11,119.00,116.29,282.00,277.00,2112.97,1906.72,1309.55,1107.17,592.99,457.21,459.66,444.92,118.25,61.67,104.84,111.52,192.38,187.28,46.92,69.31,72.00,66.57,7.00,6.00,3.00,2.00,49.87,42.56,57.40,49.03,4.37,3.92,26.39,21.25,33.00,23.72,102.00,106.95
1995,-0.47,0.31,-12.89,-13.33,6.17,6.15,12.04,13.10,-8.22,-4.71,70.64,71.26,222.00,213.12,145.00,144.00,233.00,251.00,129.00,114.40,135.00,122.44,68.00,57.50,13.15,9.90,8.49,8.49,29.00,33.22,6746.61,6493.38,8.77,12.47,10.00,14.00,0.00,0.00,47.00,39.77,0.00,0.00,6.30,11.35,87.00,108.83,0.00,0.85,165.00,162.28,124.00,116.14,288.00,277.00,1891.75,1908.24,1089.34,1108.11,413.23,458.13,330.47,445.29,37.81,61.32,60.97,112.05,119.40,187.58,114.47,69.05,66.00,66.52,1.00,6.00,0.00,2.00,14.65,42.56,19.86,48.98,2.93,3.91,0.00,21.29,22.00,23.63,107.00,107.18
1996,-2.67,0.34,-16.74,-13.23,3.25,6.17,12.59,13.11,-8.20,-4.69,76.91,71.20,227.00,213.13,136.00,144.00,247.00,251.00,139.00,114.03,142.00,122.13,87.00,57.00,19.18,9.86,14.79,8.40,9.00,33.57,7550.20,6480.70,6.03,12.56,8.00,14.11,0.00,0.00,19.00,40.32,0.00,0.00,4.66,11.43,110.00,108.87,0.00,0.85,150.00,162.45,136.00,116.00,285.00,277.00,1678.33,1909.75,965.18,1109.05,358.12,459.05,549.36,445.65,61.94,60.98,163.44,112.58,215.09,187.88,108.54,68.79,90.00,66.48,9.00,6.00,2.00,2.00,45.72,42.57,56.58,48.92,4.36,3.90,23.09,21.32,16.00,23.54,123.00,107.42
1997,0.70,0.38,-16.83,-13.12,4.99,6.19,13.22,13.11,-2.35,-4.67,74.25,71.15,215.00,213.15,143.00,144.00,243.00,251.00,108.00,113.67,122.00,121.83,43.00,56.50,9.04,9.82,9.86,8.32,44.00,33.91,6330.22,6468.01,10.96,12.66,8.00,14.22,1.00,0.00,55.00,40.88,0.00,0.00,12.05,11.51,99.00,108.91,1.91,0.85,156.00,162.63,121.00,115.86,276.00,277.00,1862.71,1911.26,1109.75,1110.00,470.98,459.97,545.32,446.02,90.15,60.63,155.42,113.11,216.98,188.18,80.86,68.53,73.00,66.43,13.00,6.00,3.00,2.00,49.64,42.58,54.51,48.87,4.46,3.89,35.30,21.35,17.00,23.45,118.00,107.66
1998,1.63,0.41,-12.33,-13.02,8.99,6.21,14.87,13.12,-3.77,-4.65,71.38,71.10,209.00,213.17,155.00,144.00,257.00,251.00,109.00,113.30,114.00,121.52,46.00,56.00,5.75,9.78,3.01,8.23,52.00,34.26,6016.22,6455.32,19.18,12.76,28.00,14.33,1.00,0.00,75.00,41.43,0.00,0.00,12.60,11.59,101.00,108.95,1.20,0.85,176.00,162.80,106.00,115.71,281.00,277.00,2259.49,1912.78,1392.96,1110.94,647.87,460.88,244.90,446.39,30.47,60.28,46.86,113.65,110.81,188.48,54.90,68.27,32.00,66.39,4.00,6.00,1.00,2.00,31.60,42.58,34.26,48.81,3.60,3.89,26.95,21.38,41.00,23.36,64.00,107.89
1999,1.32,0.45,-14.39,-12.92,6.64,6.23,13.07,13.12,-3.35,-4.62,69.80,71.05,218.00,213.19,161.00,144.00,261.00,251.00,96.00,112.93,107.00,121.22,41.00,55.50,10.14,9.75,6.85,8.14,27.00,34.61,6107.05,6442.63,15.89,12.85,22.00,14.44,2.00,0.00,40.00,41.98,0.00,0.00,10.41,11.66,99.00,108.99,0.85,0.85,164.00,162.98,106.00,115.57,269.00,277.00,1844.22,1914.29,1048.40,1111.88,398.83,461.80,418.45,446.75,59.59,59.94,117.66,114.18,174.80,188.78,69.78,68.01,71.00,66.35,7.00,6.00,0.00,2.00,24.02,42.59,36.55,48.75,3.97,3.88,17.46,21.41,54.00,23.27,102.00,108.13
2000,0.12,0.49,-10.99,-12.81,5.02,6.25,12.25,13.13,-5.08,-4.60,64.25,70.99,221.00,213.21,150.00,144.00,242.00,251.00,105.00,112.57,121.00,120.91,47.00,55.00,8.22,9.71,11.23,8.05,47.00,34.96,6527.99,6429.94,12.33,12.95,9.00,14.56,0.00,0.00,55.00,42.53,0.00,0.00,8.77,11.74,91.00,109.03,0.00,0.85,166.00,163.15,109.00,115.43,274.00,277.00,1701.67,1915.80,913.45,1112.82,328.91,462.72,460.41,447.12,33.63,59.59,146.74,114.71,234.14,189.08,50.26,67.75,75.00,66.30,6.00,6.00,2.00,2.00,29.75,42.60,40.37,48.70,3.84,3.87,13.22,21.45,31.00,23.18,115.00,108.37
2001,1.43,0.52,-9.21,-12.71,5.38,6.27,13.32,13.13,-4.50,-4.58,65.85,70.94,212.00,213.23,151.00,144.00,264.00,251.00,93.00,112.20,103.00,120.61,52.00,54.50,6.85,9.67,6.03,7.96,68.00,35.30,6055.57,6417.26,12.33,13.05,13.00,14.67,1.00,0.00,69.00,43.09,0.00,0.00,11.23,11.82,112.00,109.07,0.00,0.85,173.00,163.33,113.00,115.29,285.00,277.00,1989.77,1917.32,1137.57,1113.77,452.46,463.64,394.98,447.48,33.86,59.24,109.42,115.24,178.89,189.38,72.81,67.49,70.00,66.26,6.00,6.00,1.00,2.00,27.11,42.60,36.66,48.64,3.45,3.86,15.30,21.48,23.00,23.09,110.00,108.61
2002,0.05,0.56,-14.90,-12.61,3.31,6.29,13.01,13.14,-3.09,-4.56,68.09,70.89,217.00,213.25,143.00,144.00,215.00,251.00,116.00,111.84,121.00,120.31,58.00,54.00,16.71,9.63,13.42,7.87,48.00,35.65,6567.03,6404.57,13.97,13.14,21.00,14.78,0.00,0.00,62.00,43.64,0.00,0.00,13.42,11.90,71.00,109.11,0.00,0.85,134.00,163.50,130.00,115.14,263.00,277.00,1690.81,1918.83,1023.91,1114.71,446.09,464.55,302.35,447.85,33.67,58.90,40.47,115.77,189.98,189.68,38.23,67.23,37.00,66.22,4.00,6.00,3.00,2.00,34.56,42.61,51.11,48.59,3.67,3.85,24.51,21.51,43.00,23.00,75.00,108.84
2003,0.59,0.59,-13.79,-12.50,5.87,6.31,13.61,13.14,-3.53,-4.53,71.34,70.84,209.00,213.27,139.00,144.00,258.00,251.00,125.00,111.47,119.00,120.00,53.00,53.50,8.49,9.59,8.77,7.79,42.00,36.00,6379.23,6391.88,14.25,13.24,15.00,14.89,1.00,0.00,36.00,44.19,0.00,0.00,12.05,11.98,118.00,109.15,3.27,0.85,177.00,163.68,109.00,115.00,285.00,277.00,2028.46,1920.34,1211.29,1115.65,525.66,465.47,464.75,448.21,96.28,58.55,118.39,116.30,184.34,189.98,63.23,66.97,80.00,66.17,6.00,6.00,1.00,2.00,34.24,42.62,36.65,48.53,3.27,3.85,14.15,21.54,22.00,22.91,136.00,109.08
2004,0.32,0.63,-13.28,-12.40,5.40,6.33,12.76,13.15,-3.83,-4.51,75.62,70.78,223.00,213.29,143.00,144.00,251.00,251.00,114.00,111.11,126.00,119.70,49.00,53.00,10.14,9.55,12.60,7.70,35.00,36.35,6481.21,6379.19,13.42,13.34,16.00,15.00,0.00,0.00,28.00,44.74,0.00,0.00,10.14,12.05,107.00,109.19,1.86,0.85,153.00,163.85,135.00,114.86,287.00,277.00,1789.95,1921.86,1060.17,1116.60,465.63,466.39,442.61,448.58,59.78,58.20,99.08,116.84,219.20,190.28,55.04,66.71,63.00,66.13,7.00,6.00,1.00,2.00,28.72,42.62,35.17,48.47,3.84,3.84,22.81,21.57,16.00,22.82,108.00,109.32
2005,1.73,0.66,-11.94,-12.30,7.00,6.35,11.64,13.15,-1.90,-4.49,69.24,70.73,214.00,213.31,146.00,144.00,227.00,251.00,84.00,110.74,94.00,119.39,36.00,52.50,13.42,9.51,5.75,7.61,58.00,36.70,5937.99,6366.50,19.18,13.43,9.00,15.11,0.00,0.00,87.00,45.30,0.00,0.00,14.25,12.13,80.00,109.23,0.00,0.85,179.00,164.03,109.00,114.71,287.00,277.00,1817.64,1923.37,982.53,1117.54,341.57,467.31,370.52,448.95,88.87,57.86,80.33,117.37,188.37,190.58,24.97,66.45,56.00,66.09,3.00,6.00,2.00,2.00,40.13,42.63,40.13,48.42,3.67,3.83,20.47,21.61,23.00,22.73,95.00,109.55
2006,1.35,0.70,-10.93,-12.19,8.37,6.37,13.73,13.16,-6.28,-4.47,67.03,70.68,210.00,213.33,130.00,144.00,255.00,251.00,119.00,110.38,127.00,119.09,49.00,52.00,7.40,9.47,6.58,7.52,27.00,37.04,6105.04,6353.82,17.81,13.53,26.00,15.22,3.00,0.00,57.00,45.85,0.00,0.00,14.25,12.21,124.00,109.27,2.73,0.85,145.00,164.20,113.00,114.57,257.00,277.00,1934.84,1924.88,1213.50,1118.48,535.93,468.22,530.84,449.31,81.44,57.51,172.32,117.90,182.61,190.88,94.47,66.19,69.00,66.04,8.00,6.00,3.00,2.00,42.70,42.63,54.07,48.36,4.60,3.82,23.95,21.64,28.00,22.64,111.00,109.79
2007,0.46,0.73,-12.30,-12.09,6.20,6.39,12.97,13.16,-5.17,-4.45,68.86,70.63,215.00,213.35,158.00,144.00,256.00,251.00,125.00,110.01,124.00,118.78,53.00,51.50,10.41,9.43,5.48,7.43,33.00,37.39,6439.37,6341.13,10.14,13.63,21.00,15.33,2.00,0.00,40.00,46.40,0.00,0.00,8.77,12.29,97.00,109.31,7.88,0.85,149.00,164.37,113.00,114.43,261.00,277.00,1794.51,1926.40,1061.36,1119.42,455.22,469.14,520.69,449.68,108.17,57.16,123.58,118.43,216.26,191.18,68.56,65.93,82.00,66.00,8.00,6.00,2.00,2.00,50.34,42.64,52.52,48.30,3.66,3.82,20.79,21.67,15.00,22.55,136.00,110.03
2008,0.10,0.77,-14.17,-11.99,5.23,6.42,13.94,13.17,-3.97,-4.42,78.34,70.57,206.00,213.37,132.00,144.00,243.00,251.00,115.00,109.64,130.00,118.48,61.00,51.00,11.23,9.39,7.40,7.34,7.00,37.74,6570.42,6328.44,12.88,13.72,20.00,15.44,5.00,0.00,29.00,46.96,0.00,0.00,7.95,12.37,110.00,109.35,3.93,0.85,170.00,164.55,117.00,114.29,286.00,277.00,2075.43,1927.91,1242.13,1120.37,531.48,470.06,465.65,450.04,63.00,56.82,135.02,118.96,193.38,191.48,70.45,65.67,66.00,65.96,6.00,6.00,2.00,2.00,34.40,42.65,34.80,48.25,3.70,3.81,14.28,21.70,13.00,22.46,121.00,110.26
2009,-0.24,0.81,-16.86,-11.88,5.19,6.44,13.98,13.17,-5.25,-4.40,72.71,70.52,220.00,213.39,159.00,144.00,273.00,251.00,122.00,109.28,122.00,118.18,61.00,50.50,18.08,9.35,9.59,7.25,23.00,38.09,6664.75,6315.75,11.51,13.82,25.00,15.56,0.00,0.00,40.00,47.51,0.00,0.00,10.68,12.45,113.00,109.39,0.00,0.85,154.00,164.72,120.00,114.14,273.00,277.00,1864.77,1929.42,1126.95,1121.31,471.97,470.98,334.06,450.41,60.27,56.47,66.50,119.50,145.26,191.78,65.15,65.41,57.00,65.91,2.00,6.00,0.00,2.00,25.16,42.65,33.00,48.19,2.91,3.80,4.87,21.73,14.00,22.37,107.00,110.50
2010,1.15,0.84,-10.47,-11.78,6.20,6.46,12.87,13.18,-4.36,-4.38,62.79,70.47,214.00,213.40,159.00,144.00,241.00,251.00,116.00,108.91,121.00,117.87,46.00,50.00,10.68,9.32,3.84,7.17,35.00,38.43,6156.93,6303.06,14.25,13.92,18.00,15.67,0.00,0.00,42.00,48.06,0.00,0.00,12.60,12.52,81.00,109.43,0.00,0.85,154.00,164.90,105.00,114.00,258.00,277.00,1796.90,1930.94,1071.93,1122.25,459.29,471.89,354.40,450.77,27.85,56.13,85.82,120.03,191.07,192.08,51.21,65.15,52.00,65.87,5.00,6.00,2.00,2.00,46.85,42.66,48.08,48.14,3.27,3.79,19.55,21.77,44.00,22.28,101.00,110.74
2011,,0.88,,-11.68,,6.48,,13.18,,-4.36,,70.42,,213.42,,144.00,,251.00,,108.55,,117.57,,49.50,,9.28,,7.08,,38.78,,6290.38,,14.01,,15.78,,0.00,,48.61,,0.00,,12.60,,109.47,,0.85,,165.07,,113.86,,277.00,,1932.45,,1123.19,,472.81,,451.14,,55.78,,120.56,,192.38,,64.89,,65.83,,6.00,,2.00,,42.67,,48.08,,3.78,,21.80,,22.19,,110.97
